Frequency	Y'	Y''	Y'	Y''	Y'	Y''	Y'	Y''	Y'	Y''	Y'	Y''	Y'	Y''	Y'	Y''	Y'	Y''
Hz																		
		0.49 V		0.69 V		0.89 V		1.09 V		1.29 V		1.49 V		1.69 V		1.89 V		2.09 V
10000	-6.29676271645153E-4	5.10679428683869E-4	-6.4731982383929E-4	5.69156355347858E-4	-5.94071254873907E-4	3.89347976848664E-4	-6.0712973102135E-4	5.12134121351163E-4	-6.52648742297257E-4	4.64770662873248E-4	-5.84299197198071E-4	4.58872287225247E-4	-5.07724959891049E-4	5.48344188869171E-4	-5.61620669064707E-4	5.26515208614089E-4	-3.6079822859241E-4	4.60074335161109E-4
7943.28234724282	-4.59662647994033E-4	3.35707675438502E-4	-2.55310081300249E-4	3.04784445286777E-4	-4.34668185574962E-4	3.21180977455623E-4	-4.35009132426258E-4	2.34871399541608E-4	-3.11744608120493E-4	2.12015767599592E-4	-5.31479217558069E-4	4.23930988419815E-4	-4.0179688340153E-4	3.57041067734597E-4	-2.94622193156763E-4	1.4584070439101E-4	-6.50872723382999E-4	1.73584751203637E-4
6309.57344480194	-2.62729747924062E-4	2.46082129886311E-4	-3.25947800236878E-4	2.59742354773784E-4	-3.38124586136665E-4	1.26258218156447E-4	-3.48130629101569E-4	1.0120834812969E-4	-4.05316920977838E-4	2.21681480282719E-4	-2.97780126753291E-4	2.25802889067452E-4	-3.8266374604499E-4	1.87946519059981E-4	-1.79746951282323E-4	1.76092974522102E-4	-1.82126241073493E-4	1.05546462679584E-4
5011.87233627273	-1.01546927016099E-4	1.63153533201658E-4	-2.04957325454969E-4	1.88177791128641E-4	-1.76518423869013E-4	7.89845296635762E-5	-2.30865725558862E-4	1.04186944362662E-5	-2.6920710633125E-4	1.72164316986463E-5	-3.6856603905431E-4	2.16960177707133E-5	-2.62903538363993E-4	9.98433613880925E-5	-2.49971999222395E-4	1.32368289474069E-4	-2.41748979837354E-4	1.20598442295334E-4
3981.07170553498	-6.14479622397417E-5	1.05800576040641E-4	-2.26015677679575E-4	3.83774153826936E-5	-1.56759355884797E-4	7.38847844594075E-6	-1.59223673182428E-4	-9.88345748482324E-5	-3.21184964380872E-4	-5.73597530637126E-5	-3.23944018749204E-4	5.30236647154344E-6	-3.35171995176163E-4	8.08739711307831E-5	-1.9470119442222E-4	1.23299037407116E-4	-1.26680879751387E-4	8.54249657013029E-5
3162.27766016838	-1.87951809836192E-4	1.60094546064613E-4	-1.42281743165586E-4	5.31978730401337E-5	-2.73957127253257E-5	-1.10505656588076E-4	-1.9388897173716E-4	-2.37182788061165E-4	-2.53916133334581E-4	-1.95198270935433E-4	-2.50493334179443E-4	-1.36146411354884E-4	-3.05737547872736E-4	9.4832423518381E-5	-1.84663720823285E-4	5.41949911808757E-5	-2.58803244582897E-4	4.41852863557231E-5
2511.88643150958	-9.3861458443825E-5	1.08776795098465E-4	1.36371279090909E-5	-2.78262865727699E-5	-1.58736813707683E-4	-2.3161923194446E-4	-1.46789525420757E-4	-4.45746178843668E-4	-2.64317038177308E-4	-3.92660671293949E-4	-3.75719093232111E-4	-3.05493198470517E-4	-2.8939825618626E-4	-1.22884825497598E-4	-3.21927479072241E-4	-5.35509874436147E-5	-2.20657626545284E-4	8.34152530900954E-5
1995.26231496888	-1.47546572208713E-4	-9.24380536283694E-5	-5.98786599009746E-5	-9.08076445218043E-5	-1.27880007982027E-4	-2.10021768377158E-4	-2.97281788702798E-4	-4.47961825268268E-4	-4.04051948903478E-4	-6.25508782394171E-4	-5.16906095840724E-4	-4.32453271734908E-4	-3.3945570371106E-4	-2.77310997617143E-4	-2.11248859313581E-4	-1.39544963662845E-4	-9.29726218667429E-5	-1.24879407881486E-4
1584.89319246111	-4.5709358418983E-5	-5.87017992780056E-5	-1.09476885468133E-5	-1.36311064560365E-4	-4.63719416521526E-5	-4.71364503149948E-4	-1.93130212738469E-4	-7.2836937376043E-4	-3.03441383225671E-4	-8.87823516047981E-4	-5.90711998416958E-4	-8.04863565809054E-4	-4.47995878169074E-4	-5.2997603254347E-4	-4.4945266985285E-4	-1.13031396335167E-4	-2.89813496729478E-4	-9.87166078126923E-5
1258.92541179417	4.41449732289668E-5	-4.24640163160039E-6	-9.56375228777536E-6	-2.50290784284001E-4	3.10322910445156E-5	-7.19272965555873E-4	-9.58429218405194E-5	-9.88502690523812E-4	-3.32240917986859E-4	-0.00121628849862813	-4.4345782417571E-4	-9.91854415941653E-4	-6.63266464483222E-4	-7.78229488854172E-4	-5.93491239188233E-4	-3.50483571304945E-4	-3.512594448629E-4	-2.49832396233075E-4
1000	8.353170726626E-5	-5.40524905034497E-5	-3.52837577270569E-5	-2.94413780032611E-4	1.80114044335383E-4	-6.88638065132573E-4	-1.08965906374399E-4	-0.00110377788935105	-3.91229239250628E-4	-0.00147132101889525	-5.70639301210473E-4	-0.00137342714377313	-7.615575735029E-4	-0.00112295088692407	-6.56861031040104E-4	-4.80943311396973E-4	-5.03747981518739E-4	-2.30632587675168E-4
794.328234724282	-6.48614002609139E-5	-8.96360337033647E-5	1.35611263119922E-4	-3.6919327698731E-4	6.89874177531354E-5	-8.57790746914103E-4	-1.44471389277779E-4	-0.00151098883160032	-2.39480052599909E-4	-0.00199912369061473	-6.42412508838915E-4	-0.00188787519961774	-7.58953290757361E-4	-0.00152898309268163	-8.3266371772232E-4	-9.5860813015985E-4	-8.38836215032862E-4	-5.80842144338176E-4
630.957344480194	1.2280411470244E-5	-1.5580201296771E-4	2.60992380847102E-4	-3.51298624643855E-4	1.67698879502019E-4	-0.00104353761807255	-4.88989327257803E-5	-0.00192439337372092	-3.12006595842962E-4	-0.00230306866764314	-7.10358920299955E-4	-0.00256088246090828	-0.0012183511347379	-0.00237465928247339	-0.00109653845991429	-0.00137116542319463	-8.91416652016491E-4	-7.45366633525431E-4
501.187233627272	-2.60026950416583E-5	-1.03052357926503E-4	1.67219481013884E-4	-4.51450251325569E-4	2.163945777597E-4	-0.00114763055738424	-5.47237731127104E-5	-0.00230827624406898	-3.20314192369224E-4	-0.00291570374783899	-5.65758618388061E-4	-0.00337094429801559	-0.00109836036679323	-0.00285442408282816	-0.00130972582704728	-0.0021446813788672	-0.00108327723263694	-0.00110266775740283
398.107170553497	7.92272889396944E-5	-2.22790449107589E-4	8.9463732516812E-5	-2.96327988700852E-4	4.14218302215266E-4	-0.00154259110647849	9.91108771713878E-5	-0.00296049888035157	-2.71566284183654E-4	-0.00392953497577696	-5.6503798959073E-4	-0.0041967965897976	-0.00122419355601167	-0.00387454440018293	-0.00184122987223497	-0.00292936539959691	-0.0015898983596466	-0.0016313020354815
316.227766016838	-1.10940975858736E-5	-9.65962112723093E-5	1.58872402062736E-4	-5.97350863675988E-4	5.87648429766937E-4	-0.00189186071771813	1.09035619133143E-4	-0.00376639946040237	-1.96153426721597E-4	-0.00503504124833378	-5.19072146783953E-4	-0.00538743920769077	-0.00110185324280409	-0.00519195006341332	-0.0019147402076786	-0.00430034462540338	-0.00180995396181595	-0.00254230863398997
251.188643150958	3.8060769699883E-5	3.75912302744601E-5	-9.13983328230777E-5	-6.0620773805923E-4	7.33353597382927E-4	-0.00180155861693878	8.00847724056333E-4	-0.00425886046776681	-2.52935723796794E-4	-0.00608742793861827	-7.52761118252185E-4	-0.00705115259382474	-0.00112661522031609	-0.00688936203051155	-0.00249309400313085	-0.00604200504960716	-0.00215141311842235	-0.00387929848533036
199.526231496888	2.85983073840106E-4	-5.3467114384845E-4	3.85140319283326E-4	-6.58770524050965E-4	9.59633387798426E-4	-0.00253154334739454	6.05522628614776E-4	-0.00561837267694268	4.88428679643018E-4	-0.0077803008267565	-8.48835368412364E-5	-0.00882358098889694	-8.7961630310042E-4	-0.00866325995909566	-0.00233244600979092	-0.00756408645316695	-0.00297201940018618	-0.00552916390705351
158.489319246111	3.32511195021581E-4	-4.54840216396127E-4	4.86871903889027E-4	-0.00108615618927002	0.00108892699760537	-0.00292857896367711	8.25397544451258E-4	-0.00700084413619321	7.38427852225751E-4	-0.00979930290784156	5.31653583959821E-4	-0.0109627447435809	-5.87351091212998E-4	-0.0113926357984767	-0.00215759231428924	-0.0104088867242301	-0.00297633817818327	-0.00785834158682968
125.892541179417	2.5725718036457E-4	-7.2862003024505E-4	7.25730729755696E-4	-0.0011820187888753	0.00138852609107811	-0.00362117976789121	0.00142710465669823	-0.0089261163579264	0.0013630194380102	-0.0121738318766528	9.82133775328105E-4	-0.013822130786524	1.81974672363778E-4	-0.0144183545295174	-0.00167914654097931	-0.013671020395429	-0.00278636082663973	-0.010938526526878
100	2.55447259090434E-4	-7.30417239069355E-4	8.47605485160508E-4	-0.00132682963328382	0.00208656227463954	-0.00442270605551804	0.00220073835724587	-0.0108967811051971	0.00216240943984322	-0.0149629183089065	0.00215164587772334	-0.017444843450258	9.93122639883471E-4	-0.0181786765007427	-7.70215194862275E-4	-0.0176812619929057	-0.00177700779282242	-0.0141576987261828
79.4328234724282	3.4973104387291E-4	-6.66081005905029E-4	8.02991019080214E-4	-0.00150694832443116	0.00254226766301455	-0.00480459609521066	0.00304208239415041	-0.0131328395680928	0.00365571554583162	-0.0187316408474386	0.00385077239032555	-0.0212455518494788	0.00304569976133127	-0.0225111329972013	0.00101070331084505	-0.0224139674793622	-9.07842284901152E-4	-0.0191380119040945
63.0957344480194	3.21951918814604E-4	-9.30534050186591E-4	7.89324548222063E-4	-0.00165889233683367	0.00331806644271507	-0.00577387197332918	0.00493705122774177	-0.0159013049469325	0.00572623130200423	-0.0226732467618881	0.00643741247308798	-0.0259185859759511	0.00543360565675106	-0.0276309270235784	0.00395628167791633	-0.0281594519828138	0.0020771969058421	-0.0243590453315578
50.1187233627273	5.48281363151871E-4	-9.76532190856624E-4	0.00141275461625803	-0.00210322709398956	0.00415249910474919	-0.0065589083653049	0.00680951411104898	-0.0192653832231758	0.00882346724122386	-0.0273631987299045	0.010193253438559	-0.0313624696407984	0.0098813169863612	-0.0333081458476301	0.00803380760298037	-0.0338472270213014	0.00609414229458635	-0.0293039972149811
39.8107170553497	8.10420309921565E-4	-0.00116330080623024	0.00203393555727587	-0.00248219718975797	0.00512622201077038	-0.0075143897184652	0.0096041262525378	-0.0232813874918993	0.0131698919991598	-0.0329790186479953	0.0153973897683424	-0.0372546773913806	0.0156516611868473	-0.0396479344789413	0.0139851599475592	-0.0402288542747261	0.0119244258082227	-0.0347641398615463
31.6227766016838	0.00109900938593211	-0.00127377534436196	0.00222543843488954	-0.00254658743069518	0.00693405470398035	-0.0082298837231153	0.0136175050006599	-0.0268898271759555	0.0191990163482876	-0.0380872810588949	0.0228671382407464	-0.0429846008921746	0.0236945340551729	-0.0452565025247298	0.0219693498586733	-0.0461383654068357	0.0194198656422474	-0.0394412509397059
25.1188643150958	0.00129208425431877	-0.00129974564480982	0.00273866233504918	-0.00253575174917548	0.00883787789044654	-0.00886188605382926	0.0191973438737969	-0.0303681091745854	0.0266977175876386	-0.0428889394860515	0.0315907465684563	-0.047866014439028	0.032026806807279	-0.0505941883070414	0.0318447051338085	-0.0505985274534075	0.0282571422631297	-0.0419888876417888
19.9526231496888	0.00156435441143526	-0.00156379383672065	0.0039245803578819	-0.00308460546731163	0.0100823436308006	-0.00936539347496529	0.0253597354729264	-0.0335498962516071	0.0358162435807483	-0.0465828078233927	0.0422047038392459	-0.051107849471474	0.0439338219742138	-0.0538201200790026	0.0429397681099813	-0.0535448012160742	0.0369704558996839	-0.0430640010735553
15.8489319246111	0.00181426111497012	-0.00144543725333729	0.00451469071986518	-0.00350028108068159	0.0124335853853316	-0.00947690719116329	0.0329205859309058	-0.035655143889598	0.0458126892729033	-0.048426224231073	0.0536862312552412	-0.0525183984942753	0.0555930830437657	-0.0547291089061892	0.0541395114120951	-0.0541323814103875	0.0468174150731039	-0.0421858074235528
12.5892541179417	0.0019738142464368	-0.00131212072918049	0.00494268689254856	-0.00302461646192257	0.0144155979378359	-0.0089731644938518	0.0403680743807951	-0.0354079953788871	0.0575246139831853	-0.0480737619515979	0.0647817311676547	-0.0507560669496488	0.0662091957418594	-0.051874006940012	0.0666097618757899	-0.0523205484337796	0.0555973654925033	-0.0405554655693382
10	0.00247455661505102	-0.00104495679358502	0.00557280367673329	-0.00268256522752	0.0165163393774352	-0.0082522275172888	0.0482501144595169	-0.0339781573877741	0.0664222966068417	-0.0453657313274692	0.0746398943973628	-0.0480684640513052	0.0786048741586115	-0.0501580134895403	0.0760008679481935	-0.0485345361265282	0.0620135595542257	-0.0370746450940325
7.94328234724282	0.00299304099059525	-0.00132105076958439	0.00642964629001999	-0.00258402558200759	0.0184759938601429	-0.00750649265067704	0.05403239486819	-0.031905249513009	0.0757719132321368	-0.0419042628904113	0.0845229036445908	-0.044090390742104	0.0864918470792513	-0.0456653523609182	0.0849791678039494	-0.0455259284960819	0.0683789031417943	-0.0344755175633784
6.30957344480193	0.00313994132948892	-9.83434163430697E-4	0.00664817863342686	-0.00169481988445103	0.0194281419199703	-0.00614108458093176	0.0610915222050951	-0.0281578460333273	0.0827542606725416	-0.0376215235775706	0.090732784199126	-0.0395030293576644	0.0943934042945559	-0.0396795989884682	0.0905314444511714	-0.0397556831186535	0.0723845204911241	-0.0302030947519365
5.01187233627272	0.00308746629572045	-5.02112621777127E-4	0.00705336428785555	-0.00106364578095281	0.0203247694857944	-0.00459359797304646	0.065044465081732	-0.024805941013361	0.0885754709936781	-0.0315624991260257	0.0956627148834186	-0.0321953156662243	0.0984023136122838	-0.0351183761861964	0.0971297322715284	-0.0361075526532273	0.0750243863648443	-0.0258388136048263
3.98107170553497	0.0035524038848442	-2.29263519579141E-4	0.00709398689805659	-2.76039776941521E-4	0.0211616138306245	-0.00340462246903055	0.0678581221780482	-0.0209023024658728	0.0938240732362953	-0.0263894128359324	0.100562386950491	-0.02887373604449	0.10326839193662	-0.0296546194404944	0.102380891687181	-0.0314272669893873	0.0813857735191025	-0.0229424463762838
3.16227766016838	0.00362190902867788	1.97761961027788E-4	0.00722171205173935	3.74590138162438E-4	0.0208497821943961	-0.00250773262639053	0.070532978713405	-0.0180050424922295	0.0964991437573557	-0.0226358993427283	0.10327025678972	-0.0229245556735376	0.108101236184869	-0.0251896471283917	0.105227859093642	-0.0262169352730396	0.0830950101675689	-0.022521853950511
2.51188643150958	0.00346262492730967	8.3185391112885E-4	0.00680262679389591	0.00114191043813137	0.0210636134019295	-0.00105594470144819	0.072302483374656	-0.0147357685684223	0.0992242019060049	-0.0191208271227392	0.105535806794972	-0.0184268551694733	0.109841281457425	-0.0229261495313871	0.108675451198078	-0.0232144434137388	0.0849651526959213	-0.0192496955946288
1.99526231496888	0.00319211649197809	0.00101993802462793	0.00611742654371178	0.00146552547111413	0.020831318810906	-4.27452497092132E-4	0.073553213879571	-0.0115628461735517	0.100885752128711	-0.0169242183767391	0.106482232659476	-0.0155259898297076	0.111963262042818	-0.017567355520045	0.112497992400523	-0.0205421987111059	0.0858148473271396	-0.0215498413343129
1.58489319246111	0.00277539886239134	0.00140638707909748	0.00579854757657734	0.00173764880611558	0.0205063163346464	-6.1088506038174E-5	0.074757886389906	-0.0102618683522781	0.100515299683524	-0.0141825767171832	0.108470512589381	-0.0145314845114178	0.112286908108857	-0.0160163330432743	0.112005486741025	-0.0162583253861279	0.0907549296530037	-0.0151795762861928
1.25892541179417	0.00234434429692455	0.00135087773152339	0.00514191789174062	0.00180413790992341	0.0201053970771001	1.43269942523691E-4	0.0746522142045521	-0.00826087888659728	0.101465302378658	-0.0119702044932814	0.1105431426698	-0.012636208422983	0.114300748365734	-0.0124412605286138	0.113881991369761	-0.0147728745257685	0.0930664857134445	-0.0124422658287573
1	0.00203579990659279	0.00136998337077039	0.00492952639083207	0.00198986381569251	0.0199386086445271	3.75299009593624E-4	0.0756883370468788	-0.00752374586208197	0.102776115688469	-0.00922361047329179	0.110120385355632	-0.0108385467225065	0.114662832097186	-0.0104882402688836	0.115872917561786	-0.0110726369824763	0.0903609130919099	-0.0104604132889246
0.794328234724281	0.00161161157713795	0.00133774647813682	0.00440735246397927	0.00185242548366054	0.0195860247442966	5.8731683173441E-4	0.0756019722213854	-0.00554080547199248	0.103632054701862	-0.00833378573691488	0.110876626101309	-0.0080260364355621	0.114708119092959	-0.00977148857497409	0.117093293036719	-0.00976052932754368	0.0916055865600167	-0.0116401749671673
0.630957344480193	0.00134104622411277	0.00135148818192468	0.00412711962891225	0.00158970811942247	0.019110823177757	6.72950408017144E-4	0.0762850837534005	-0.00531522773864416	0.102675964402465	-0.00650732055870474	0.110721803645001	-0.00669852555274665	0.115804503864211	-0.00789777896541179	0.115832816264033	-0.00803106717978155	0.0970379373024152	-0.00704594341439114
0.501187233627272	0.00118263076259159	0.00125047838719555	0.00373497693503581	0.00144888132634113	0.0192653105222297	7.19787982896702E-4	0.0771929249924595	-0.0036459207798001	0.105408537457082	-0.00592439619672719	0.112508149512504	-0.0050130622615796	0.11734295355083	-0.00677492724431419	0.116529809247246	-0.0078635772812842	0.099633204175256	-0.00996793376651895
0.398107170553497	8.66980831039156E-4	0.00115131289160776	0.00361194546288565	0.00126708934862114	0.0187701592360371	7.28153358359369E-4	0.0776238667330935	-0.00317773626421653	0.106020684508813	-0.00394488778465366	0.112267677168796	-0.00563350997000056	0.116706567920167	-0.00693387288324018	0.116642916984657	-0.00735646423517646	0.0983275420683211	-0.00703190488881286
0.316227766016838	7.52555232985954E-4	8.68074570389928E-4	0.00335852256931688	0.00131367177494098	0.0186486552296883	4.89039245800212E-4	0.0770998255097747	-0.00297373936925417	0.104365746306596	-0.00467408564352924	0.113925506836768	-0.00579428202046759	0.119297362587707	-0.00598451247638526	0.117661084094802	-0.00656069092395047	0.0970154215312573	-0.00300237044238076
0.251188643150958	8.28814353291404E-4	9.3043905774222E-4	0.00296006187103117	9.92518866944239E-4	0.0192568374493639	6.44764075544424E-4	0.0784211875334733	-0.00291765886723912	0.104266733652623	-0.00392470280917936	0.112952572961398	-0.00487094902434217	0.119240065627855	-0.00573070421091007	0.117721299400854	-0.00520878655086151	0.0934011698827469	-0.00985627540763183
0.199526231496888	3.96380601942763E-4	6.21549520858285E-4	0.00314611887301783	9.80282417691121E-4	0.0183675095340371	2.94365824662602E-4	0.0780858878512441	-0.00251948317202257	0.105612875610267	-0.0033999929641295	0.114434275824453	-0.004115604599793	0.118559369020239	-0.00594000632389663	0.120497485227369	-0.00573764681588771	0.101419671712682	-0.0014605910400571
0.158489319246111	5.49986104983571E-4	8.45264011854786E-4	0.00279368381126546	6.07689195827663E-4	0.0187325886029993	5.2741175354463E-4	0.0768045457191542	-0.00191347296027511	0.107117351300383	-0.00314570643615208	0.115600313348215	-0.00345942598011353	0.120503627705976	-0.00457785409012893	0.11879996909075	-0.00490411939794237	0.0984963962365419	-0.0125553191670033
0.125892541179417	5.90733222331563E-4	4.43766438681137E-4	0.00265734834566891	7.90781485554266E-4	0.0192269793463382	-9.32933058860245E-5	0.0793205861258479	-0.00111228420097472	0.105596744322224	-0.0020428232993027	0.115813841426759	-0.00351355609829836	0.121243396808924	-0.00464609946328391	0.120756131593263	-0.00414015488658632	0.0960792045302095	-0.00428508345148086
0.1	2.78774933523254E-4	2.13228980286137E-4	0.00281792212578079	7.33374172763155E-4	0.0187629533114096	-8.66293795635179E-5	0.0782872872058302	-0.00126459234527544	0.10617280055285	-0.00239557961913938	0.116725542135111	-0.00265154409121318	0.120836935993102	-0.00452260075033308	0.120206201925127	-0.00467910721620548	0.103986688427822	-1.00133429685289E-4
