Frequency	Y'	Y''	Y'	Y''	Y'	Y''	Y'	Y''	Y'	Y''	Y'	Y''	Y'	Y''	Y'	Y''	Y'	Y''
Hz																		
		0.49 V		0.69 V		0.89 V		1.09 V		1.29 V		1.49 V		1.69 V		1.89 V		2.09 V
10000	-2.50874231892364E-4	2.71165152161289E-4	-4.01382927233992E-4	1.88089771507687E-4	-3.65734178250029E-4	1.02074914093456E-4	-2.42513099738512E-4	-1.04574055316804E-4	-3.84626320933309E-4	-2.5250251446737E-4	-2.29363661548824E-4	-1.61120953065656E-4	-5.10860601016161E-4	-1.39016580690615E-4	-2.472276770832E-4	8.5386194454874E-5	-2.30465230909476E-5	2.42533142739502E-6
7943.28234724282	-7.07492750947426E-5	1.71998204385972E-5	-2.47264785039019E-4	-2.08168882804973E-4	-2.21890117016537E-4	5.92223276223008E-5	-4.31202345810676E-4	-1.53528006487533E-4	-2.44730875612027E-4	-2.06265883355129E-4	-3.1260037474365E-4	-4.44992435838088E-4	-8.76690235993665E-4	-5.55582637340527E-4	1.75135680116074E-4	-5.95363010972991E-4	-2.43069640550573E-6	2.40218232967302E-5
6309.57344480194	-6.37697131988274E-5	-3.063558007617E-5	-4.18716072178705E-5	1.50279732114317E-5	8.86642051381239E-5	-1.73549100716011E-4	-7.35247300850524E-5	-3.17899906598326E-4	-2.8855582264759E-4	-4.3139555743504E-4	-2.70616587782289E-4	-6.16422290215808E-4	-3.10369022385819E-4	-3.44640316127773E-4	-8.01357070419059E-6	-4.82821908184993E-4	9.49011226623162E-6	-2.14584421968416E-5
5011.87233627273	-1.4864865139798E-4	1.07856821116908E-4	-1.94657697166402E-4	-1.66115337195912E-4	3.58170804380299E-5	-3.04488164782629E-4	-2.58624470172422E-4	-3.6123880734016E-4	-2.16318204241892E-4	-7.79281152354548E-4	-3.87069282443788E-4	-6.34529546290634E-4	-4.90858717973279E-4	-6.33674077368779E-4	-4.47466492438536E-4	-6.18866913159655E-4	-2.36581373015829E-5	-3.88798330054107E-6
3981.07170553498	1.83894136888768E-4	-1.30222269571028E-4	6.0626152195696E-5	-1.48520063875805E-4	-2.69983439101956E-4	-4.46649605361575E-4	-9.76295965321909E-5	-8.33633114079407E-4	-1.87547479795274E-4	-6.74555299020717E-4	2.02713818953337E-6	-8.51203887164935E-4	-4.32862527170684E-4	-8.80548808181271E-4	-2.32276414743337E-4	-7.97890378487866E-4	-1.16143184916708E-5	-4.20759974777271E-5
3162.27766016838	1.16480524402302E-4	2.30314372263411E-4	1.88291652619204E-5	-1.66887035077291E-4	-1.81385322857061E-4	-6.927499648694E-4	-1.09314053218274E-4	-0.00101656549329624	-2.36680788112416E-4	-0.00111192378927972	-3.98018639396845E-4	-9.88074535270242E-4	-4.63470986481617E-4	-0.00136348882670248	-5.49479963193901E-4	-6.07787788973406E-4	7.98049058955969E-6	-4.94526916024194E-6
2511.88643150958	-3.37098286418991E-4	9.42282548000453E-6	2.53242388085415E-5	-4.88765370887414E-4	-3.71232971451213E-5	-0.0010161322030611	-1.29066918793974E-4	-0.00118799755377472	-2.27427808543392E-4	-0.00143784842527616	-6.22618066395193E-5	-0.00163943114889477	-3.0059992047657E-4	-0.00163958971378958	-6.29526013509964E-4	-0.00150002093032212	-6.67115702954259E-6	-3.09248662949719E-5
1995.26231496888	2.42444731967738E-5	-2.90024184886635E-4	5.18333765591975E-5	-3.26486088136459E-4	7.66482090692435E-5	-9.91688958854202E-4	7.18747405681825E-6	-0.00156909990054843	-3.47555340564088E-4	-0.00176788002142183	-3.4790711234242E-4	-0.00185331899602992	-3.9616862502925E-4	-0.00223763672154279	-5.26457980702013E-4	-0.00183004712160264	-3.48612631396993E-5	-4.82542466273636E-5
1584.89319246111	1.87828180201759E-5	-1.79577565802777E-4	1.35385387332542E-4	-4.71761519328687E-4	3.5134654051219E-5	-0.00111317715720477	3.10082577714258E-5	-0.00170142465677349	-1.79600269959199E-4	-0.0022939907052857	-3.57610054778866E-4	-0.00243750734506098	-7.76321369004453E-4	-0.00258081312889443	-9.75614885307965E-4	-0.00264504952969131	-2.8904627655822E-5	-1.3486979182356E-4
1258.92541179417	3.66833393561437E-4	-1.85868858143285E-4	2.49742665346442E-5	-4.64419172173734E-4	2.86672722712535E-4	-0.00161786375418299	-2.95571044869098E-5	-0.00259601149252311	2.12783788368557E-5	-0.00301001625554558	-1.52216298834347E-4	-0.0031500109700168	-6.12438500677911E-4	-0.00341698117087815	-0.00107850723267085	-0.00362459909040758	-4.29056439038848E-5	-2.12818053779333E-4
1000	2.1031499679245E-4	-1.756064573108E-4	1.87971081601956E-4	-7.68432165791043E-4	5.31301044361117E-5	-0.00169727401927918	-2.4561014894743E-6	-0.00263965606242374	-3.56527661034338E-4	-0.003696114805663	5.59284589008713E-5	-0.00410759230881604	-6.43718515301755E-4	-0.00469702750190044	-9.32506943872414E-4	-0.00468248621347312	-6.54447748863641E-5	-2.96107114632549E-4
794.328234724282	-7.9149449300115E-5	-5.71487003860064E-4	1.07072159862679E-4	-8.90059807573982E-4	3.69062462375636E-4	-0.00275598584256268	3.19430441695329E-4	-0.00380682493281468	-2.79949169013201E-4	-0.0044408041164185	-5.59320764296317E-4	-0.00509515197591513	-6.80494431286257E-4	-0.0058484572276332	-0.00111542761219166	-0.00579153426282414	-1.69216228086421E-4	-5.5427816997121E-4
630.957344480194	-3.76285124302038E-5	-5.00664489694374E-4	3.42871417021393E-4	-0.00118526961016847	2.35723864387767E-4	-0.00313014896087686	-1.97806169351288E-4	-0.00479795122967501	1.85046218340995E-4	-0.00541356800228142	-1.65171756084218E-4	-0.00637810548568189	-7.69968787756608E-4	-0.00716659699667779	-0.00137004996472868	-0.00793025805152203	-1.36129457305477E-4	-0.00108995224362292
501.187233627272	1.35868658730558E-4	-5.60101423921365E-4	3.87263992042022E-4	-0.00141961413670024	7.43375183396555E-4	-0.00378757841509254	4.67650691735252E-4	-0.00577302365326671	-4.7270999598444E-5	-0.00727503106632399	-3.47372766225482E-5	-0.00820366184671447	-6.27035993489119E-4	-0.00918015123861512	-0.00101266526020421	-0.0101487599731501	-3.46467431646901E-4	-0.00228108957468326
398.107170553497	2.5975506679748E-5	-6.04244679383652E-4	9.72539335794692E-4	-0.00160673393551268	0.00129683632726135	-0.00440775972059676	4.22058018736679E-4	-0.00693164835577321	1.87979262755431E-4	-0.00933247059774836	1.99199617142287E-4	-0.0103166517197498	-3.84061329256008E-4	-0.0117448460351269	-8.71739443041337E-4	-0.0135692068469786	-4.22896648034795E-4	-0.00572888894183938
316.227766016838	5.5257894656492E-4	-8.76712008247489E-4	7.29890989185743E-4	-0.00198376204591473	0.0015619114364044	-0.00600597196685005	6.67570293720758E-4	-0.00923609429321855	5.12433753427638E-4	-0.0116989101946413	3.03025330010686E-4	-0.0128524143513109	-3.46635858053558E-5	-0.0139909291424691	-4.85824265847274E-4	-0.0168086709283305	-7.09001306512202E-4	-0.0151386744449963
251.188643150958	-3.7802640956129E-4	-0.0010404958104755	0.00147310096047725	-0.0031139985042405	0.0011116632213519	-0.00694372119873571	8.98487274439434E-4	-0.0116842715679481	9.9338375984667E-4	-0.0155507413728681	-2.34325688681218E-4	-0.0159682124283432	0.00115914394486119	-0.0179594873849149	1.56122725903445E-4	-0.0220939594453882	9.97320019679853E-4	-0.0209154560096613
199.526231496888	3.97113413085414E-4	-9.45256592207844E-4	7.86708240264951E-4	-0.00264858173037195	0.0021922189246143	-0.00859174549932642	0.00140679085945514	-0.0141584556263093	0.00183600385494178	-0.0176711449075421	0.00110754541134562	-0.0202810382122759	0.00131785534365272	-0.0222792943077473	0.00116064809993255	-0.027054527956137	0.00147903599717837	-0.0262946888548554
158.489319246111	4.38786242528005E-4	-0.0014567924972623	0.00131468530399856	-0.00314068553208646	0.00349327177823442	-0.00983608773410481	0.00238254850053582	-0.0177256445052284	0.00273544071359495	-0.0225314215480521	0.00251169487024998	-0.0252062741825342	0.00246193950679737	-0.0275656028726496	0.00349986281119574	-0.0340635393388857	0.00444757727038708	-0.0331425371503856
125.892541179417	7.83162131696343E-4	-0.00201101532723694	0.0017705603896346	-0.00390638076593983	0.00492084361916667	-0.0123041778266994	0.00368025328629743	-0.022045971806902	0.00351463260204963	-0.0280816001354087	0.00449168912328477	-0.0321460704974778	0.00442356552738046	-0.0336112278238742	0.00694047603840794	-0.0421765124324041	0.00845726217048962	-0.0411663964567486
100	8.09753441146661E-4	-0.00171879698301284	0.00218516409576716	-0.00448876233773644	0.00546331128916888	-0.0145146377173094	0.00523619457047422	-0.0271072638097087	0.00633038350053959	-0.0348644203531943	0.00697268759610897	-0.03934419251752	0.00704605379871631	-0.0419350407890125	0.0113086661795013	-0.0519518283376494	0.0146536169967306	-0.0496924352060699
79.4328234724282	0.00112727394880296	-0.00241433858858221	0.00281016660982888	-0.00491608141141584	0.00786942891959992	-0.0164169455688675	0.00806757459306221	-0.0332453594039813	0.0090176137279849	-0.0427278731207293	0.0103702469702667	-0.0486405413237242	0.0110213185783139	-0.0520176284321911	0.0179922624868698	-0.0637153520248036	0.0235643474558326	-0.0579770266114088
63.0957344480194	0.0013086597050858	-0.00235035696751534	0.00341644821711237	-0.00617093783134932	0.0101597837266813	-0.0196783594045545	0.0107593254227359	-0.0408081872856411	0.0137869626619868	-0.0536407725711466	0.0160838869393963	-0.0597743797528248	0.0173485965972086	-0.0634936625138064	0.0284145190849102	-0.0760564486553025	0.0352539565391686	-0.0668120463876066
50.1187233627273	0.00193799069004476	-0.00324206726959924	0.00429993405747106	-0.00697693880953301	0.0134374368921807	-0.023092821466768	0.0165420866225958	-0.0491851464561588	0.0207338783224302	-0.0642602502809695	0.0243348389552274	-0.0719927311916623	0.0265717844557538	-0.0762713131676695	0.0413536432758884	-0.0882910122886872	0.0491851461241349	-0.0728414830811977
39.8107170553497	0.00230661880346367	-0.00401060327300352	0.0052113129090722	-0.00853842457167508	0.0178226266766118	-0.0260324677320253	0.024154517783142	-0.0580209385404892	0.0305563052595512	-0.0770861302096271	0.0362655020664365	-0.084676843774984	0.0394559231566905	-0.0898765862576938	0.0589483182095113	-0.0995620415655884	0.0647862555488393	-0.076911547692074
31.6227766016838	0.00370665152474815	-0.00373935566424673	0.00646690855096262	-0.00876887191806047	0.0224617343131175	-0.0290881060505022	0.0338578396716876	-0.0680895380018724	0.044631703256251	-0.0897438225064377	0.0518144513922041	-0.0985820547992475	0.0563134309957058	-0.102796702636392	0.0799557326048158	-0.109606016967131	0.0811878354185193	-0.0770703500785561
25.1188643150958	0.00441783061581259	-0.00463822088227892	0.00865768722153317	-0.00967296715983434	0.0291477882448937	-0.0320171185773587	0.0465502240239883	-0.0778513758327422	0.0622874324286177	-0.102100778810659	0.0713208871101143	-0.111176681859444	0.0774403078034968	-0.114488142758838	0.103510792960865	-0.11459141275137	0.0969872316839934	-0.0761303355006799
19.9526231496888	0.003948425040881	-0.004374100132594	0.0105020126333636	-0.0105697528493467	0.03662536073987	-0.0329766090174266	0.0626567463811434	-0.0859349175966267	0.0834746772307968	-0.111369077567214	0.0956113420490326	-0.120422514119667	0.102817670179916	-0.123128343687207	0.127881316851393	-0.114643885387471	0.112777413061452	-0.0711560036035625
15.8489319246111	0.00677483801883878	-0.00484381373726287	0.0134095488406748	-0.0106416572691298	0.0428638957423617	-0.0336028405671234	0.0821854948663468	-0.0917022488351976	0.108056490657745	-0.117123764500135	0.122862877235237	-0.124545160618702	0.129285987676191	-0.126730736285796	0.151412089400746	-0.111106750089485	0.123870506977369	-0.0684764702156986
12.5892541179417	0.00631502180282116	-0.00556251997531589	0.0152870616929055	-0.0105745171492741	0.0506825401569289	-0.0319042912198808	0.102231358615677	-0.0931874872898192	0.134129331983891	-0.117433912582662	0.149719279506765	-0.123313633768607	0.156375202027809	-0.12488261232181	0.172897002731161	-0.104139342867894	0.134399350720177	-0.0621095409116696
10	0.00798529145545875	-0.00488967891695988	0.0187457316919782	-0.00995754530304083	0.0582503768206552	-0.0295657573568431	0.121824580468801	-0.0911726903852406	0.159299367585191	-0.112800725446849	0.175667377401762	-0.117262749961394	0.181825341636423	-0.117707914135148	0.190240604174162	-0.0952717411825697	0.143565799553928	-0.0527616035980382
7.94328234724282	0.0100062086127802	-0.00420481626493322	0.0203013836604837	-0.00865635143942721	0.0640101236834066	-0.0245880991135397	0.139816742305401	-0.0854548959737002	0.181577602677901	-0.104397436086813	0.197288609264389	-0.106924634547823	0.2032346740572	-0.107555117838123	0.204780198369445	-0.0850819046997449	0.147403534435113	-0.0499782046327385
6.30957344480193	0.0110721300907164	-0.00387092321545514	0.0222914036565173	-0.00683088276826839	0.0679402597697751	-0.0209985962630549	0.155042291043016	-0.0769674010052157	0.19930690793408	-0.0929731401463035	0.215372941918214	-0.0946613518863133	0.220780331432377	-0.095441989083094	0.217143090466944	-0.0754058873718822	0.153975373475555	-0.0464841824702204
5.01187233627272	0.0117743504342351	-0.00213899164403402	0.0243375294336621	-0.00526642968590927	0.0719597927367835	-0.0165634726359294	0.167811385060032	-0.0681693929626393	0.213420250769885	-0.0812211829481023	0.229703427200373	-0.0818589239865915	0.235368066089794	-0.0831143587376308	0.226725617235357	-0.0663839993888773	0.16333209219197	-0.0416228355070558
3.98107170553497	0.0124468708132629	-5.65872837946686E-4	0.0250937953558854	-0.00150582891225559	0.0727937465778468	-0.0119933571860047	0.177082168042706	-0.0584577861897973	0.223770733373783	-0.0691909466641027	0.239788945378929	-0.0698178335153603	0.245790408090476	-0.0716157361538792	0.234321212458962	-0.0580383788109042	0.169254135212004	-0.0406079215911885
3.16227766016838	0.0125630057069386	9.81974864440278E-4	0.0245298085912737	1.80116307332422E-4	0.0738909724195946	-0.00794108642182216	0.184567141839703	-0.0498272405116018	0.231846824217814	-0.0585944159223321	0.247951194419064	-0.0588425925249504	0.253757459517095	-0.0610200555410879	0.240728389054525	-0.0503471235845948	0.16766199826988	-0.0352339971210177
2.51188643150958	0.0115979628102687	0.00239447796521944	0.0234779224674634	0.00288288969409129	0.0733038421439859	-0.00452875794735726	0.189683634788626	-0.042153672253034	0.237650445212631	-0.0491741951579898	0.253609519776504	-0.049090357752018	0.260146744167001	-0.052009437768532	0.246207527529956	-0.0436019501646274	0.169721517603451	-0.0360345713067149
1.99526231496888	0.0109066972625506	0.00321319365915077	0.0222821776665365	0.00448117380873524	0.0731106987172254	-0.00264489927397021	0.19360441379755	-0.0358736605501811	0.241995717073235	-0.0413818235517415	0.257944555316577	-0.0411980835727632	0.264860617234528	-0.0439807844661343	0.250328449864902	-0.0381745945310867	0.182120071982514	-0.0386248008350822
1.58489319246111	0.00959039095262087	0.00337172251242595	0.0206034897750227	0.00579922747580365	0.072530660184592	-7.67702563733435E-4	0.196744261499869	-0.0299901942294483	0.245546832026693	-0.0348526137640312	0.261188156398934	-0.0341875803159639	0.268653731238248	-0.0372977742809733	0.254299835139547	-0.0334432934146043	0.187665623333562	-0.0290951365454199
1.25892541179417	0.00911469173268649	0.00443490388929638	0.0188779589115971	0.00673617989265051	0.071820835681429	3.66089286185168E-4	0.199396273938603	-0.0254571065410267	0.248049875576445	-0.0291926440435573	0.263727997961191	-0.0284192199408152	0.271516892006145	-0.0316073739448061	0.257658224256239	-0.0288711836180686	0.194458197941232	-0.0281527938821547
1	0.00734872944795161	0.00433475265652508	0.0169245505094447	0.0073110971528663	0.0710419507306383	0.00116929957331988	0.200666386291649	-0.021482446897144	0.249852538178815	-0.024693564947202	0.265802207681115	-0.0241335854366983	0.273739505877198	-0.0260532548039825	0.259719944009417	-0.0247041676657829	0.183937138990043	-0.0350986240490782
0.794328234724281	0.00681018413730769	0.00458421954385836	0.0153763883339864	0.0074872870404733	0.0703753261756806	0.00131883446755469	0.202329834695947	-0.0187747230079767	0.251736537557066	-0.0211516874506061	0.267654183496408	-0.0204184529609433	0.276336139267775	-0.0219379825680659	0.26195410932228	-0.0219689026809056	0.200380355386458	-0.0389251590526978
0.630957344480193	0.00467533671786594	0.00424519653380106	0.0137166956340281	0.00750759003132852	0.0700041102894044	0.00179158910935088	0.204017714140273	-0.0153044344006137	0.25339101758299	-0.0177794485410914	0.268529937368121	-0.0173141010588353	0.278030747004538	-0.0188013516785925	0.264734673655442	-0.0189213640408604	0.195692980772838	-0.0179201229141011
0.501187233627272	0.00362235204965106	0.00479710272697326	0.0125427856080706	0.00727703979229582	0.0697947899084791	0.00183586920669771	0.205522600603748	-0.0131845776444478	0.25486373670177	-0.015450297221403	0.269864587251888	-0.0149197508043383	0.279456749590476	-0.0165644361083624	0.266619595451875	-0.0167811664184265	0.20988036770087	-0.0135343851798888
0.398107170553497	0.00262607658313164	0.00405955974052375	0.011108817777175	0.00692068212570352	0.0696535921697676	0.00161986535040075	0.206281325112454	-0.0110512771836859	0.256124778842285	-0.0132303270537671	0.270913437586075	-0.0130484580657549	0.280643035055821	-0.0144786753186429	0.268201867210781	-0.0145548941742585	0.210330125876507	-0.00649366950701839
0.316227766016838	0.00263889584810743	0.00236114701602987	0.00969515761422256	0.00610540251663898	0.0695525283055642	0.00144530845646297	0.206237243461956	-0.00930104779881389	0.256895450213813	-0.0115464845717248	0.272270940317839	-0.0117210991945823	0.281901145088247	-0.0129931121516771	0.268934130381929	-0.0120893663475682	0.193309591554755	-0.0192353419372518
0.251188643150958	0.00338874262443232	0.0039665382065639	0.00914160582013602	0.00529458795430216	0.0699701985089909	0.00116781531762553	0.207888257003696	-0.00945680443509151	0.258275642166114	-0.0103063643951475	0.273429399140899	-0.0101943789072366	0.282718765392846	-0.0119652619537435	0.26958644333303	-0.0119039358329654	0.234784677354579	-0.0353313590968887
0.199526231496888	0.00117389383519453	0.00145767345868951	0.00801986239846363	0.00511328536458865	0.0701963636607871	0.00107220396139221	0.207629903010537	-0.00614942486805976	0.258731699608688	-0.00844238376447264	0.274483283478384	-0.00943140297065202	0.28425160905797	-0.0110731809776423	0.271881707368609	-0.00868707680029762	0.196310716406488	-0.00654573842455518
0.158489319246111	0.00135221304564715	0.00395364052652052	0.00783344336191317	0.00432482574950818	0.0708642632914271	9.52875567375212E-4	0.209725522280156	-0.00639862670336452	0.260402524167158	-0.00738959532000066	0.275465429871056	-0.0082792682560151	0.285700452782324	-0.0107553802568832	0.272701653470613	-0.00962450972082877	0.255716738668982	0.00426522288201955
0.125892541179417	0.00319579794837345	0.00196937570472176	0.00706383613149158	0.00348662526122164	0.0713311717979118	9.35999076059545E-4	0.208082840667042	-0.00619562164223685	0.260627512253612	-0.00690864016138165	0.277089800409622	-0.00769863272025297	0.286336095761303	-0.01053475401259	0.271734505169286	-0.00761393754880943	0.232942017421647	-0.0483710078060296
0.1	0.00131562055957863	-2.41489395144063E-4	0.00643401853947636	0.00329687133347085	0.0720930906009332	8.20484842837556E-4	0.207479684848622	-0.00311573285409808	0.2606052899991	-0.00524002441782073	0.277558352143593	-0.00714533070513098	0.287583435756539	-0.00952797541350398	0.273627379188392	-0.00551370142118589	0.179191055481549	-0.0252915231904222
