Frequency	Y'	Y''	Y'	Y''	Y'	Y''	Y'	Y''	Y'	Y''	Y'	Y''	Y'	Y''	Y'	Y''	Y'	Y''
Hz																		
		0.49 V		0.69 V		0.89 V		1.09 V		1.29 V		1.49 V		1.69 V		1.89 V		2.09 V
10000	-1.98049896110804E-5	2.37762248895168E-5	-2.11054561290465E-5	2.07374058414543E-5	-1.74994528024117E-5	1.67310696242703E-5	-1.8959506379287E-5	1.64735334058134E-5	-2.25218919791561E-5	1.93147565401575E-5	-1.68915138050933E-5	1.45508310709629E-5	-2.46975099742478E-5	1.41269147495177E-5	-2.01343917603979E-5	2.00109988061702E-5	-4.12160603877417E-7	2.65027787935984E-7
7943.28234724282	-1.32330928115092E-5	1.56037277677918E-5	-1.19962280636629E-5	1.24539996264242E-5	-1.26975356057303E-5	1.12921011312936E-5	-1.06371675037437E-5	1.25550322467153E-5	-1.14138201557655E-5	1.25469859225289E-5	-1.88972146218758E-5	1.07927361630852E-5	-1.32156749700575E-5	1.51650305764818E-5	-9.86867213946226E-6	9.59122743693224E-6	-7.57040362650152E-7	-1.06492865788352E-7
6309.57344480194	-8.39907340973699E-6	1.17988178929886E-5	-1.13420112648197E-5	1.09163838189897E-5	-1.31191405213888E-5	7.2654981796665E-6	-1.17448566852663E-5	5.44691923849211E-6	-9.70131151362145E-6	7.47313190685317E-6	-1.15830159543476E-5	5.41322212355573E-6	-9.424761087986E-6	3.73579096213921E-6	-9.48809017245445E-6	4.98794625238896E-6	-5.28127985689341E-7	3.21859260068201E-7
5011.87233627273	-8.68427496583815E-6	1.02717281007862E-5	-7.24489959736416E-6	4.55485982123661E-6	-8.39889016556465E-6	3.32533591598574E-6	-9.87719853397764E-6	1.15865916855727E-6	-9.82880498388106E-6	2.43506102931259E-6	-7.10622182083479E-6	1.62446096662667E-7	-1.149367242747E-5	-2.76113967433485E-6	-9.66677917862874E-6	1.40135043315882E-6	-5.71570739979801E-7	-7.29258548508776E-8
3981.07170553498	-4.46226127975062E-6	6.24085895605564E-6	-5.60095437823236E-6	1.99045226828641E-6	-6.6787033996065E-6	3.06030815500276E-7	-8.48564513942925E-6	-4.52400284098176E-6	-7.77078894191899E-6	-4.02448516859009E-6	-8.37154076742272E-6	-2.50600896286052E-6	-9.19213766300732E-6	-6.0770938249592E-6	-5.97622984671824E-6	-3.6303046132789E-6	-8.16126582577251E-7	-3.3998186496331E-7
3162.27766016838	-4.5599586126795E-6	3.86104452496134E-6	-3.24020685713232E-6	-2.13439943877824E-6	-6.74931468336798E-6	-5.93188026047248E-6	-1.07067790247348E-5	-4.76169969252465E-6	-7.6253018130892E-6	-8.66759658975281E-6	-1.08801756434559E-5	-9.98734634599296E-6	-5.11364729688962E-6	-1.04359310455276E-5	-5.4046474562209E-6	-8.32821240565345E-6	-8.51174410281041E-7	-1.68733154705696E-6
2511.88643150958	-2.71195422754775E-6	2.93844725988325E-6	-2.46471106087969E-6	-7.1940402129987E-6	-6.11372376469505E-6	-9.48254684644127E-6	-4.81938943554008E-6	-1.39241829409406E-5	-6.78040635357389E-6	-1.57327677311035E-5	-7.82629025556285E-6	-1.47505735426004E-5	-9.13068202625427E-6	-1.94945332210667E-5	-7.12301315084924E-6	-1.59401202698733E-5	-1.41585389305432E-6	-2.99151998952463E-6
1995.26231496888	-2.7389918763852E-6	4.54259970825703E-7	-3.34590896120523E-6	-7.48231625320883E-6	-4.5479925001939E-6	-1.68496870961283E-5	-7.98259638005879E-6	-1.72238516353814E-5	-8.80738885022449E-6	-2.12134020679879E-5	-1.00590613228408E-5	-2.22087533589867E-5	-6.25891539295139E-6	-1.78927555303347E-5	-7.57547834213293E-6	-2.07511655685097E-5	-4.37369731009504E-6	-1.93769540203295E-5
1584.89319246111	-2.52563345544151E-6	-3.0382073400863E-6	3.80867478963365E-7	-9.56578299539809E-6	-2.82872919918688E-6	-2.14437651563089E-5	-6.34929169349644E-6	-2.58903514941736E-5	-8.09700635021075E-6	-3.05625601279196E-5	-4.29518676139688E-6	-3.25477337193439E-5	-5.38179743771908E-6	-2.8644336778428E-5	-4.07023778608252E-6	-3.03288086555444E-5	-5.23695336868888E-6	-2.84694903148548E-5
1258.92541179417	-2.58127822499509E-6	-2.38269890499138E-6	2.3476417633433E-6	-1.47555639195674E-5	-2.66550274242817E-6	-2.60885309960548E-5	-8.29146086846378E-6	-3.35120591713996E-5	-6.42441509208869E-6	-4.11932455579426E-5	-9.50127104616648E-6	-4.22650187241518E-5	-5.32952175539776E-6	-3.82329490201479E-5	-7.97602847990602E-6	-3.80585668780505E-5	-4.10324929886356E-6	-3.83417996193925E-5
1000	1.69317293872839E-7	-5.6931581544499E-6	4.72062757970031E-6	-1.7081626744918E-5	-1.84408424907874E-6	-3.25646962707014E-5	-9.21166286058374E-6	-4.50991541746365E-5	-1.05514137601953E-5	-4.72818644270728E-5	-8.32782344730999E-6	-5.37777865119686E-5	-3.25831896253309E-6	-5.17430313349159E-5	-4.60669734663583E-6	-4.77409959425398E-5	-4.17691996259389E-6	-4.77470941362461E-5
794.328234724282	3.43060049944658E-8	-6.05295766559854E-6	3.93038064608902E-6	-1.99081798248805E-5	-3.39660569380941E-7	-4.16627717417547E-5	-9.28428911247769E-6	-5.60689212186485E-5	-9.22287470025248E-6	-6.4395844055654E-5	-4.99297179425621E-6	-6.48362320134758E-5	-4.55800372109759E-6	-6.38937789774138E-5	-1.55902342534277E-6	-6.00947944683104E-5	2.67955625582198E-6	-5.89109944919696E-5
630.957344480194	-9.49303563920395E-7	-6.8087074502867E-6	9.54023929431947E-6	-2.23731164743532E-5	1.62557369743368E-6	-5.56800140901618E-5	-8.77360623484232E-6	-7.39699535389913E-5	-1.07613644841348E-5	-8.25136101678207E-5	-1.05856330430904E-5	-8.71443536778221E-5	-7.02266336411627E-6	-8.16063320304759E-5	-1.47348392278229E-6	-7.90633560678162E-5	3.38951001215487E-6	-7.73231338109334E-5
501.187233627272	-2.53729772160945E-7	-7.56522644235703E-6	1.21831658832949E-5	-2.66004298359682E-5	4.93188957015145E-6	-6.79595143971796E-5	-1.24300248102819E-5	-9.49136569325968E-5	-1.50972356767672E-5	-1.06858964512215E-4	-1.35758030657815E-5	-1.10108647223588E-4	-5.67847026729859E-6	-1.01845316115089E-4	-5.19573545808094E-7	-9.88955514905689E-5	9.23949790349608E-6	-9.45557045059373E-5
398.107170553497	3.63555698779693E-6	-7.4492124303668E-6	1.11076605829008E-5	-3.01767171451442E-5	7.12223405037874E-6	-8.51901549766675E-5	-1.08303711201776E-5	-1.2021141452054E-4	-1.89284616193505E-5	-1.41647964511905E-4	-1.60142448014143E-5	-1.39115267704546E-4	-6.88012701202344E-6	-1.34090734591695E-4	-1.06921450244997E-6	-1.24798680780909E-4	1.52061335174403E-5	-1.19532196031684E-4
316.227766016838	2.01496668818476E-6	-8.21402316552758E-6	1.5636139940158E-5	-3.67449785404463E-5	1.69641621053471E-5	-1.05375432996076E-4	-7.3482540460424E-6	-1.60833613847629E-4	-1.57137935435742E-5	-1.7808093017604E-4	-1.63792117474436E-5	-1.82633958464754E-4	-4.48776478719796E-6	-1.64911627149523E-4	5.68179008079257E-6	-1.53809861109784E-4	2.99313587745883E-5	-1.43363751577752E-4
251.188643150958	1.82626089749412E-5	-1.50575461356652E-5	1.55104394057164E-5	-2.68899527981095E-5	2.09125477473319E-5	-1.37190549178829E-4	-9.94352162455881E-6	-2.00596238811492E-4	-2.14903209307479E-5	-2.38477674283898E-4	-1.1557343831184E-5	-2.43316799653554E-4	-6.77148149058608E-6	-2.2839546628222E-4	5.26340972417325E-6	-2.00012845092441E-4	3.90348136673261E-5	-1.68366381025199E-4
199.526231496888	8.60571893529277E-7	-2.3201025541917E-5	2.67604306044192E-5	-5.3472209378858E-5	3.93546353694146E-5	-1.61217498519321E-4	1.18137086892182E-5	-2.59924152666686E-4	-5.43798055124849E-6	-2.9697427322279E-4	-1.21038381552624E-5	-3.04106092248689E-4	-1.80615989264188E-6	-2.71051898423851E-4	1.80496408696399E-5	-2.41455198591131E-4	5.01868846022689E-5	-2.22214130922888E-4
158.489319246111	4.05954520969928E-6	-1.76094061803739E-5	3.4290081906407E-5	-6.34376500949987E-5	5.13152226428083E-5	-1.88497391419416E-4	2.99316457831373E-5	-3.26307097948445E-4	9.68554958494773E-6	-3.83444928265269E-4	3.29527459061789E-6	-3.88013610852074E-4	6.60628448623092E-6	-3.46606442165164E-4	3.04106089611342E-5	-3.00682712722031E-4	7.79861336029825E-5	-2.61975106291061E-4
125.892541179417	6.75856578419989E-6	-2.38860910092318E-5	3.88745742722065E-5	-7.14238509919216E-5	7.83364134332715E-5	-2.22126131334281E-4	5.6822533981316E-5	-4.03757147700189E-4	4.07729300885547E-5	-4.84461599186916E-4	2.14294876110124E-5	-4.91423215506623E-4	2.85889979563386E-5	-4.36935990073247E-4	4.91551995758051E-5	-3.76562824087883E-4	1.19895805070779E-4	-3.10695639147788E-4
100	1.4840953629824E-5	-2.65930001025688E-5	4.25803993644666E-5	-7.88423158434518E-5	9.77821272875198E-5	-2.67017455710909E-4	9.87308909013325E-5	-4.96386870735324E-4	8.08020180796859E-5	-6.01985831680121E-4	5.87453798179461E-5	-6.26792906425348E-4	4.62254814706743E-5	-5.55962998227146E-4	8.34052261808683E-5	-4.66895567733787E-4	1.61197417427489E-4	-3.66832798376885E-4
79.4328234724282	2.32063567792138E-5	-3.22540590483534E-5	6.1813168442657E-5	-8.5059974741022E-5	1.39366115155474E-4	-3.11755722953118E-4	1.54632939883114E-4	-5.94668963013032E-4	1.46785901224434E-4	-7.40754770008262E-4	1.22797609775994E-4	-7.78267220201121E-4	9.42024612188884E-5	-6.91526485116611E-4	1.21351520229611E-4	-5.73511054213631E-4	2.14271348736048E-4	-4.16483639313846E-4
63.0957344480194	1.8778221655479E-5	-3.12475028125545E-5	7.70238373470205E-5	-1.03288510241539E-4	1.85807469073744E-4	-3.60666366183975E-4	2.25528588956656E-4	-7.08790496546946E-4	2.41399573921097E-4	-9.04888697597611E-4	2.1319464915268E-4	-9.63012111696689E-4	1.6469608213326E-4	-8.55161338109513E-4	1.851974828274E-4	-6.95114782653447E-4	2.75639160740336E-4	-4.83353072005987E-4
50.1187233627273	2.71794740032249E-5	-4.05122354212744E-5	8.72222266931928E-5	-1.18304530363766E-4	2.36565615582863E-4	-4.16316550411632E-4	3.3272223019475E-4	-8.39889032287363E-4	3.67793252134783E-4	-0.00107860329867066	3.47243470417402E-4	-0.00115389522465177	2.72386318670739E-4	-0.00105052065897935	2.73602452099205E-4	-8.36355606432248E-4	3.42851639957198E-4	-5.35276032414165E-4
39.8107170553497	2.7375456017788E-5	-4.89692162353587E-5	1.05462644051613E-4	-1.31803413289893E-4	3.03905417408724E-4	-4.72944185216045E-4	4.64917998842758E-4	-9.69685461383479E-4	5.40614972571357E-4	-0.00126438900564006	5.31834649126616E-4	-0.00136767815574437	4.27432383536413E-4	-0.00126019117474208	3.90077100835842E-4	-9.87539246907587E-4	4.17812721432933E-4	-5.9745628800026E-4
31.6227766016838	4.62531644943813E-5	-4.37126633423555E-5	1.39057386247193E-4	-1.42824192210155E-4	3.79085445032581E-4	-5.20241141192991E-4	6.29439992629355E-4	-0.0011119026945858	7.63712115532965E-4	-0.00144913085427075	7.79228106354941E-4	-0.0015705106758873	6.45240037578675E-4	-0.00147828365049789	5.44937023338951E-4	-0.00114370203462253	5.19685794453269E-4	-6.65968918877162E-4
25.1188643150958	5.00046448650354E-5	-5.58234340498196E-5	1.55390970372421E-4	-1.6185353668756E-4	4.82485946750313E-4	-5.78282695277096E-4	8.35755409952657E-4	-0.0012391693339939	0.00103806803551309	-0.00161201933435594	0.00108178532547308	-0.0017596143320242	9.1770576307011E-4	-0.00169097614656709	7.54132917764605E-4	-0.00130871425951179	6.25653666322082E-4	-7.14385811483549E-4
19.9526231496888	6.66509825907085E-5	-6.12006571653982E-5	1.88359671119715E-4	-1.78280967122028E-4	5.92561675737061E-4	-6.22175219361663E-4	0.00107912292970058	-0.0013530364569616	0.00136596869027646	-0.00175872724685705	0.00143746261003679	-0.00191731185571075	0.00124622802079398	-0.00187364967844948	9.90951165565774E-4	-0.00145253551498906	7.25728529026876E-4	-7.90570619422401E-4
15.8489319246111	7.08473675927946E-5	-5.21657957700728E-5	2.29723464375793E-4	-1.78090506888726E-4	7.25619355123924E-4	-6.51852459991519E-4	0.00134811430888845	-0.00142602687084246	0.00172390403575174	-0.00184313758489263	0.00183823734638672	-0.00200548918100445	0.00162219075391839	-0.00200778620058991	0.00127787601099124	-0.00156326622845857	8.96741455106122E-4	-7.63610199051118E-4
12.5892541179417	8.97688115216917E-5	-6.18710491848655E-5	2.59762612521138E-4	-1.73161571161982E-4	8.56354033635232E-4	-6.71548404295306E-4	0.00164604418673421	-0.00146393646809573	0.00211164903710284	-0.00187634340563034	0.00225577829902363	-0.00203404961182269	0.00203877331817024	-0.00207784863546188	0.00158070059204236	-0.00163899881666861	0.00104818810541666	-8.39581782752872E-4
10	1.01118212883746E-4	-6.64331560439499E-5	3.06944256066955E-4	-1.6680149706065E-4	9.89683986240345E-4	-6.51437772366492E-4	0.00192911605074892	-0.00144694028496768	0.00249225278812774	-0.00183858410231015	0.00266070385441401	-0.0019946947670902	0.00246254404158964	-0.00208454794315474	0.0019104367070024	-0.00168218867991513	0.00116089871051418	-8.90526285175048E-4
7.94328234724282	1.0651437144779E-4	-6.10540690159494E-5	3.33170370207416E-4	-1.55536564403856E-4	0.00112073177738594	-6.16538286767313E-4	0.00220267023947656	-0.00140551202126817	0.00283978877869014	-0.00174885091696311	0.00303621327951426	-0.00190707851146212	0.00287020499609228	-0.00203291346116236	0.00223872458826622	-0.00169778070920658	0.00130152078244036	-9.85334414241565E-4
6.30957344480193	1.22026519391095E-4	-4.68431384300617E-5	3.81056997848193E-4	-1.40064147185341E-4	0.00124161169511195	-5.88033715819307E-4	0.00246079109416771	-0.00132084015645261	0.00315523254901511	-0.00161878768693039	0.00338439585538597	-0.0017684157042375	0.00321183868806191	-0.00192385764581433	0.00255172232621317	-0.0016663984141407	0.00156423722828762	-9.14925677986645E-4
5.01187233627272	1.32058825353245E-4	-4.55175507252107E-5	3.96737268263567E-4	-9.58825826218695E-5	0.00132956233325503	-5.19631730742965E-4	0.00267698091518671	-0.00122432319955464	0.0034249877982201	-0.00146678928800263	0.00368236869012637	-0.00160198082196574	0.00356718532157694	-0.00177433528952734	0.00284471305843593	-0.00158079796788689	0.0016261330974753	-9.12550440394978E-4
3.98107170553497	1.42154124227141E-4	-2.07960949011482E-5	4.21349985997973E-4	-7.18833769361471E-5	0.00141905384710294	-4.63348620371612E-4	0.00286515520974841	-0.00111498833786941	0.00363641705014912	-0.00131076248882692	0.00389976013719036	-0.00143551628248034	0.00385718775207336	-0.00162731208502629	0.00311908895757645	-0.00147959951055158	0.00195158175943461	-8.81587047816771E-4
3.16227766016838	1.43649324135966E-4	-1.46135364891645E-5	4.32067202031477E-4	-3.0668916993317E-5	0.00147188982845007	-3.95145857346259E-4	0.00302444513492457	-0.00101648447824421	0.0038132207586921	-0.00115593411193124	0.0041062492368148	-0.00127688998742403	0.00409164833183157	-0.00147091779597425	0.00335631405968424	-0.00136283162928149	0.00199776769462986	-9.66819782975459E-4
2.51188643150958	1.44123253116166E-4	8.9194563826848E-6	4.26484646366975E-4	5.23051444751121E-6	0.00152743038044754	-3.38906507628501E-4	0.00315608877595363	-9.09475113439234E-4	0.00395858308524898	-0.00101266083470587	0.00426788714204856	-0.00112400572602911	0.00429351850453504	-0.00130764134282745	0.00355968466692595	-0.00124137402046157	0.00215969419760737	-9.16747372941208E-4
1.99526231496888	1.44822934215326E-4	1.90756437543574E-5	4.24972479686748E-4	3.13165101893311E-5	0.00156173495423066	-2.94709174330766E-4	0.00327419143958699	-8.14356511197167E-4	0.00407271929107726	-8.8304861683093E-4	0.00439992262366541	-9.76541479450955E-4	0.00446343958501072	-0.00115521931864465	0.00373993364024843	-0.00111170035079265	0.0024122602714648	-8.0873421946746E-4
1.58489319246111	1.40488557521851E-4	4.49022662910533E-5	4.00322809524229E-4	6.81250029172458E-5	0.00160111332164257	-2.49235404298319E-4	0.00337181615853954	-7.29438345578059E-4	0.00416694928037133	-7.70972196953004E-4	0.00450718573438195	-8.48149129984196E-4	0.00460099663940473	-0.00100807850606334	0.00388483295315347	-9.9870402203708E-4	0.00234893394229378	-6.54460763044378E-4
1.25892541179417	1.20642643472907E-4	5.72858467644109E-5	3.78623718459719E-4	8.78855462420482E-5	0.00162657411914133	-2.10277140188763E-4	0.00345530591323029	-6.52112255535578E-4	0.00424696831005423	-6.74378610993811E-4	0.00459727496220584	-7.36520349176587E-4	0.00471862952290229	-8.83533697438748E-4	0.00401196995513834	-8.78988188906269E-4	0.00241075977883421	-6.8021657047636E-4
1	1.18386383623026E-4	5.84814012693529E-5	3.56468458236941E-4	1.03340017265754E-4	0.00162948057318466	-1.87065615821625E-4	0.00353920561477263	-5.87691363413145E-4	0.00430837604952885	-5.96076082784006E-4	0.00466733250572438	-6.3595723658943E-4	0.00480829974472628	-7.67348519042219E-4	0.00410770611455545	-7.57491336571706E-4	0.00275750578487776	-7.1362116827819E-4
0.794328234724281	9.35270445498758E-5	6.8312028953527E-5	3.25565213115436E-4	1.10779180780596E-4	0.00165516008293658	-1.66694337200778E-4	0.00361080618938265	-5.19245282921951E-4	0.00437341053655797	-5.25113647892208E-4	0.00472618913674912	-5.50314052565124E-4	0.00488973653544938	-6.68011676161121E-4	0.00419250694015252	-6.64182980310492E-4	0.00285672560001197	-4.81666073857513E-4
0.630957344480193	8.72563452634184E-5	4.52849278533603E-5	3.05824592545524E-4	1.15716199713868E-4	0.0016638746359739	-1.26075563968654E-4	0.00365850213343383	-4.74974371078061E-4	0.00442578513286613	-4.54838831069573E-4	0.0047780006827849	-4.79860202072001E-4	0.00495086943018653	-5.7743690929832E-4	0.00428036135086135	-5.8087929520825E-4	0.00268197762512288	-7.16351076020467E-4
0.501187233627272	6.39699722769535E-5	3.96156386483074E-5	2.80924595199857E-4	1.13139184404613E-4	0.00169453148837137	-1.08723393100232E-4	0.00371056492384159	-4.11902759654165E-4	0.00447495986840863	-4.0437494430007E-4	0.00481797859958687	-4.19777994195758E-4	0.00500369508865793	-5.05426237878038E-4	0.00433113518669709	-5.09076720527825E-4	0.00269659776720806	-3.59742151656402E-4
0.398107170553497	5.73951946376944E-5	3.34898593807754E-5	2.58619289492297E-4	1.10166902080917E-4	0.00170337643919978	-8.48257381072224E-5	0.00375354754491692	-3.7304790605889E-4	0.00451754817617666	-3.56872835304682E-4	0.00485699485981668	-3.71261856928345E-4	0.00504783030989	-4.41380244354209E-4	0.00438327912124198	-4.43878399324566E-4	0.00265907479983095	-4.67352203113971E-4
0.316227766016838	7.25541864869221E-5	5.18617144137633E-5	2.37834315740219E-4	1.0830114236725E-4	0.00168795728397374	-7.47424866468173E-5	0.00380749155497171	-3.44994356921828E-4	0.00454445997388823	-3.14582491478773E-4	0.0048915150671756	-3.2606663033888E-4	0.00508980350190682	-3.90115478286452E-4	0.00443404179486013	-3.6636051479536E-4	0.0031266565612004	-7.62659210720813E-4
0.251188643150958	1.41214955129532E-5	--	2.16350007009938E-4	9.31990872898913E-5	0.00172755666887485	-9.16293092623407E-5	0.00385492202484529	-2.7802984163523E-4	0.00459071616073471	-2.89657904156878E-4	0.004919918517958	-2.90982257206664E-4	0.00512040101248901	-3.50285849502083E-4	0.00443038924467652	-3.10522028650604E-4	0.00328596875249025	3.13662935895292E-6
0.199526231496888	6.3392315296353E-5	3.33825880620173E-5	2.06626783952592E-4	9.22049441357523E-5	0.0017041899527123	-3.64746619125538E-5	0.00386933213019508	-2.71919466280744E-4	0.00461107487837151	-2.41810188018641E-4	0.00495542563051336	-2.60096383531217E-4	0.00515287371741108	-3.10583015519277E-4	0.00450830856364447	-2.69461100926051E-4	0.00302615195012173	-7.43672087235788E-4
0.158489319246111	-2.99463178415334E-6	--	1.94385516678379E-4	7.6462588676144E-5	0.00175925783537	-5.08244795978624E-5	0.00389381395291619	-2.04545595256379E-4	0.00465929529370411	-2.18937081980525E-4	0.00497817328935506	-2.36914801926668E-4	0.00518715263425385	-2.87409371179131E-4	0.00448688539083819	-2.45211526382859E-4	0.00293481123173223	2.27285678613878E-4
0.125892541179417	1.31323965676007E-5	--	1.79245935889348E-4	7.16647409595413E-5	0.00171506446686884	-6.57731782043315E-5	0.00394953231675157	-1.80457963337123E-4	0.00466851375092465	-2.02273784235809E-4	0.00500193128719917	-2.09102557951662E-4	0.00521172720003306	-2.63263173260798E-4	0.00451432574561739	-1.57945169895828E-4	0.00376465385178788	-3.0342916308203E-5
0.1	6.04956011983503E-5	4.15745695270098E-5	1.75021590429897E-4	6.85088963721439E-5	0.00169305748839494	-6.31539370796568E-6	0.00395336828206399	-1.89497050197334E-4	0.00468206191885342	-1.59217278186084E-4	0.00503248214395668	-1.86650527998934E-4	0.00524073251401919	-2.41900301237454E-4	0.00458964815086615	-1.37657460756621E-4	0.00341406406152026	-7.38145277868328E-4
