Frequency	Y'	Y''	Y'	Y''	Y'	Y''	Y'	Y''	Y'	Y''	Y'	Y''	Y'	Y''	Y'	Y''	Y'	Y''
Hz																		
		0.49 V		0.69 V		0.89 V		1.09 V		1.29 V		1.49 V		1.69 V		1.89 V		2.09 V
10000	-0.00199082048353854	0.00308163118074504	-0.00241345096571023	0.00289433011705972	-0.00220830606959946	0.001754960609008	-0.00220470792057923	0.00165475154127622	-0.00196507696719907	0.00230219423832034	-0.00233386530116465	0.00337164785193219	-0.00220385803081714	0.00222886030518236	-0.00221918021874814	0.00227283720577293	-0.00122160311803381	0.00262610375855305
7943.28234724282	-0.00103454591079772	0.00294029642184609	-0.00199016186212255	0.00277478627058367	-0.00223172216213905	0.00238761917016432	-0.00251951644617844	0.00282172522522387	-0.00101016723573825	0.00152248179206919	-0.00335352039601196	0.00186227556612454	-0.00353717458307121	0.00212754659410646	-0.00224111524143878	0.0020357896208882	-0.00226510590638183	0.00118209173561252
6309.57344480194	-0.00138296738289187	0.00140834298952754	-0.00265436283131993	9.6913336747882E-4	-0.00206034809666137	0.0012429645191754	-0.00262604638856148	9.14937646441133E-4	-0.00255872482243758	0.00123909763413909	-0.00178694277057738	0.00106001666213522	-0.00232602950704828	5.48589417309363E-4	-0.00202135080003119	0.00180075943462926	-0.00149078600061323	0.0011925072560772
5011.87233627273	-9.88433020978854E-4	5.20212412204617E-4	-8.01339537188395E-4	4.77849437698003E-4	-8.00053842158432E-4	7.27276942360701E-4	-6.40646777182346E-4	2.60306750155793E-4	-5.6882731226363E-4	5.84745122031427E-4	-0.00123400139298582	-1.58730109800757E-4	-0.00110294681303573	8.52506916637429E-4	-0.00128634538675824	3.55748274096867E-4	-5.92029681645678E-4	1.88947315112733E-4
3981.07170553498	-4.63176345833456E-4	3.93118089286421E-4	-8.11087979720905E-4	9.40760669488448E-5	-3.1473456035588E-4	-2.95010722148467E-4	-3.3858513208098E-4	-6.45095922442455E-4	-0.00177674480991363	-2.51251856882368E-4	-8.48643439002982E-4	-2.61010966478146E-5	-4.0039429586695E-4	1.09042299290887E-4	-6.80930202874488E-4	-3.18644027719407E-4	-0.00124148765611491	2.50810513191433E-4
3162.27766016838	-2.72288090589372E-4	4.83339966441768E-4	-0.00106660410354619	5.37460337795037E-4	-6.35424944428283E-4	-7.70724586617381E-4	-7.2685353998468E-4	-8.65696555347467E-4	-0.00102883342184098	-2.38899340781364E-4	-0.00105218126342867	-1.54814021949226E-4	-4.21672410596123E-4	1.92858663206832E-4	-3.71976768786465E-4	-6.63339465443752E-5	-3.80172020107428E-4	-1.8418699876068E-4
2511.88643150958	-6.73424780236082E-4	8.75214393638667E-4	-6.65433161802208E-4	-2.29775222330917E-4	-1.3266867990611E-4	-0.00100937916010979	-3.53557274052956E-4	-6.7254880261073E-4	-1.91149596989914E-4	-3.71739241966636E-4	-5.93519502246858E-4	-6.50765964063954E-4	-5.70232945684728E-4	-3.11307080666822E-4	-7.98350767727782E-4	-3.10957162340962E-4	-7.83827095757695E-4	-1.67798707272927E-4
1995.26231496888	-8.30279345090428E-4	2.31993016741322E-5	1.00676273343866E-4	-6.57021048432061E-5	-2.22938615101689E-4	-9.15172785048808E-5	-4.44730763547023E-4	-0.00202751615019011	-2.73638886397774E-4	-0.0014147776493191	-0.00137242972185317	-7.42690908976996E-4	-5.85819410999174E-4	-0.00157126073804954	-1.70322170379202E-4	-0.00178192252339544	-7.89620433016575E-5	-8.21146779940393E-4
1584.89319246111	4.0922059934138E-5	1.94174346804253E-4	-2.32373608898432E-4	-3.83991954109638E-4	1.79733710530335E-4	-0.00142308823911087	-4.13827285406831E-4	-0.00210687517239448	-7.89610189763805E-4	-0.00158236982979044	-4.7054735133939E-4	-0.00154660918459941	-5.00042285067039E-4	-5.80874148306897E-4	-2.4495144524725E-4	-0.00155938314655379	-3.77869703290829E-4	-7.91024914021915E-4
1258.92541179417	4.99673723417935E-4	-5.57714527043344E-4	-7.35571712201234E-4	-7.22450960023312E-4	-3.04104430704522E-4	-0.00174575954849348	-6.19444977990594E-4	-0.00277290764033476	-0.00114856385457298	-0.00287032319334656	-8.72568262730419E-5	-0.00192839393455819	-2.86046363889516E-4	-0.00176707322207275	-0.00110846244686652	-0.00229029852466885	-0.00129813433648321	-0.00213710552115701
1000	-3.29580021495042E-5	9.16328755413712E-4	2.27920468490276E-4	-7.00205845188904E-4	-1.61102959690915E-5	-0.00208583324121847	-0.00114135411964928	-0.00298687625449543	-3.59360056027321E-4	-0.00274520445486467	-4.85900266252949E-4	-0.00220868427240182	-0.00141289709399464	-0.00240905511178818	-0.00128770541036645	-0.0011864114284927	-9.7883675341501E-5	-0.0030287837297132
794.328234724282	6.07974271880543E-4	3.90626411696486E-4	1.25537346117528E-4	-3.72687928367188E-4	-3.91870014372628E-4	-0.00358842266156206	-9.40100830110248E-4	-0.0047907131275794	-8.61018974294584E-4	-0.00438531736614839	-0.00160145351164491	-0.00299829043057495	2.56962808472048E-5	-0.00265966001791616	-8.45068105371367E-4	-0.00329074435306619	-3.30356604973948E-4	-0.00257597055739278
630.957344480194	1.07287646736589E-4	8.79075931176844E-5	-5.31662506834795E-4	-9.25156255578363E-4	1.14333385216303E-4	-0.00444588200044424	9.42831627578518E-5	-0.00510667880114928	-0.00128381770630008	-0.00439210070948856	-0.00106111664584799	-0.00484282048011741	4.22971611326618E-4	-0.00415435264047218	-5.87869264982803E-4	-0.0034899508039222	3.82453421608555E-4	-0.00260562777504938
501.187233627272	-2.04270636724337E-4	-2.8981551390418E-4	3.66964762224832E-4	-0.00166400237038567	2.24536300392734E-4	-0.00436247690820157	4.20093693347616E-5	-0.00647030236775354	-0.00100765360095796	-0.00712513571983866	-0.00158937424423492	-0.00524582482861307	-0.00104448074703854	-0.00559376813132983	-6.03986997461622E-4	-0.0054240889262014	1.18074754918524E-4	-0.00481580277253637
398.107170553497	4.71016793116913E-4	4.58547811229066E-4	7.72659552489908E-4	-0.00224649866536779	9.55818661371714E-4	-0.00614171838764752	-1.50051957053826E-5	-0.00785787958662367	-8.4396769571436E-4	-0.00868281982787401	-0.00118819427006023	-0.00782140450523943	1.26682426681894E-4	-0.00660526629615447	-0.00118898118523194	-0.00574287095985841	3.29388379820977E-4	-0.00674365940273925
316.227766016838	-2.63516357105046E-4	-9.0319844767456E-5	9.99858178112104E-4	-0.00192310285840382	8.80531639025289E-4	-0.00656584816149838	-6.60808018562093E-4	-0.0101467008370004	-0.0019599279017056	-0.0113180927236501	-0.00258188293584361	-0.0105333827007403	-1.9413683539924E-4	-0.00811806071014529	1.22537016049214E-5	-0.00798277942835852	2.65509128772824E-4	-0.00771608608453873
251.188643150958	0.00256234609420283	-0.00223297777576765	0.00270830028084113	-0.00418853119897124	-0.00184380443902751	-0.0106989548171307	0.00293333501434638	-0.0111130954134215	-0.00193160536576222	-0.0136650730157651	1.66129492035548E-4	-0.0138342338172237	-0.00108290476904224	-0.0131003782615752	-0.00183037149712894	-0.011879359298106	0.00122461614406484	-0.0127230790565775
199.526231496888	-8.57780518354244E-4	1.91493318739943E-4	0.00139176736315239	-0.00426596600508841	3.85198679205964E-5	-0.0121684695946996	-4.45229455710673E-4	-0.0158633452721498	-0.00255964386428453	-0.018880588829577	-0.00116218225671055	-0.0153704848434532	-5.61025478873632E-4	-0.0126549010639315	-8.95939674774329E-4	-0.0144075473743433	2.3489536033705E-4	-0.012238219696254
158.489319246111	7.38535046166318E-4	-4.42109828331114E-4	5.69717210856504E-4	-0.00351903171609319	-1.92037794772056E-5	-0.0162295172683952	0.00153127221343766	-0.022198833810336	-0.0011339388569637	-0.0246089677439864	-0.00144222754396257	-0.0206510591143261	-0.00120502418389674	-0.0174839356068196	6.50856677137692E-4	-0.0170070926704388	0.00153964297326847	-0.0159299355877155
125.892541179417	-9.94435730990585E-5	8.03538629155895E-4	0.00103797421516869	-0.00520350395356287	4.26720365626617E-4	-0.0174199148662603	0.00107392523419563	-0.0272784578040537	-0.00145187417907807	-0.0315923596125525	4.49239894534364E-4	-0.0257923412720849	5.15753195890785E-4	-0.0223976969723228	0.00107526411393749	-0.0223699318993547	0.00323064873951152	-0.0195360747714485
100	3.92146886883164E-4	0.00174500466952356	7.94752080749953E-4	-0.00810533306756877	8.2618852263175E-4	-0.0240385632667171	0.00311564241088209	-0.0330900726687414	-0.00173359965630417	-0.040463643397479	-2.92723384876856E-4	-0.0309422248457794	-7.330270168973E-4	-0.030827226585764	0.00111583797618455	-0.0256088282611628	0.00343638350232722	-0.022460039895588
79.4328234724282	2.27191260841012E-4	-6.44257437453133E-4	0.00105875521076092	-0.00749576806277373	0.00485714858285593	-0.0299674451492328	0.00277261342562333	-0.0424835783167122	8.17667615851677E-4	-0.0494222557788599	2.86927959618092E-4	-0.0407933638210701	0.0025483486588026	-0.0369743665478087	0.00510317670898807	-0.0326583831115569	0.00752360887432918	-0.027416202931224
63.0957344480194	0.00162402778512877	-5.82342471895539E-4	0.0024371348338659	-0.0116028360032916	0.00244283684567287	-0.0379834642213605	0.00300775815022961	-0.0538516853245352	0.00199595805472987	-0.0638727743801076	0.00157962884199978	-0.0513824548073066	0.00386554232898834	-0.0453662814154479	0.00713014721701286	-0.0395985425353549	0.00974560191506888	-0.0327928130290519
50.1187233627273	2.51215601840363E-4	-3.5589718855393E-4	0.0028769968301088	-0.0135625451067278	0.00679200535086918	-0.04332749919112	0.00810115218307511	-0.0672946148704157	0.00748686744264971	-0.0791212035614777	0.00499181509425372	-0.0684980530041068	0.00675810669340123	-0.0558144046435131	0.0105871726988361	-0.0461944763695548	0.0131004583625746	-0.0357216475835444
39.8107170553497	-2.19473063001926E-4	8.46055552174124E-4	0.00273048885436272	-0.0166127448713585	0.0082886232444024	-0.0548885641796552	0.0135319135104916	-0.0825726021042899	0.0165792945653004	-0.10081192242792	0.00938581875629192	-0.0831747563445239	0.0105890442904483	-0.0688598676513287	0.0137594586692778	-0.0568622140859868	0.0139660606858861	-0.04052269472953
31.6227766016838	0.00131140370791702	-0.00154402147724876	0.00533679159753825	-0.0194762501248567	0.0167920131866779	-0.0648555064314509	0.0251185059684674	-0.105268959358205	0.0295812876469384	-0.125359026775712	0.0188665282704342	-0.106397075811133	0.0151840636106253	-0.0865228871724348	0.0211023957139996	-0.0667344180286528	0.0145551664146379	-0.0459935767146039
25.1188643150958	-0.00137714762249349	0.00161970145411827	0.00686623877584445	-0.025179275398301	0.0229083793849154	-0.0809823458885791	0.0326997511193172	-0.124129252826535	0.0376514912528237	-0.153552121048639	0.0312121940241562	-0.132843723154936	0.026072143441295	-0.10328550137957	0.0233621170794732	-0.0807038661483081	0.0149324904907521	-0.0568516389791623
19.9526231496888	7.28970696444475E-5	-0.00250807052269132	0.0101091025450315	-0.0318797314497601	0.0336005015491747	-0.100782165274588	0.0525601484765325	-0.158209492339233	0.0635575377642256	-0.179426691671755	0.0531580760452442	-0.156581762079401	0.0347531925969871	-0.118695658749544	0.0269553036966566	-0.0951437575578734	0.0139042998452143	-0.0746100217413241
15.8489319246111	0.00220486151292043	-8.10991537137569E-4	0.0177185180839872	-0.0354076346112193	0.0450729910745974	-0.111290538596714	0.0681846352917913	-0.180422409427029	0.0888513682433854	-0.211394583388464	0.0714985714218198	-0.186507469009463	0.0523326220286984	-0.14656792631971	0.0284847207233642	-0.115441638829666	0.00802928787604801	-0.10020415312985
12.5892541179417	-0.0013550961690099	-6.29683476112531E-4	0.0189161731678037	-0.0472137747507747	0.0633684019200886	-0.127764273700233	0.101373641655022	-0.212626905641056	0.136395795383032	-0.24551827776145	0.0986688422918212	-0.202818712683708	0.0643991348237543	-0.170812280926785	0.0355958419306958	-0.144927539572435	0.0088602379981361	-0.123987586538055
10	0.00223564522038355	-2.78993868242628E-4	0.0225730517910293	-0.0523121016321454	0.0979767840110387	-0.159386632338646	0.157968250378243	-0.22922002113228	0.195381746565848	-0.258543413482972	0.136232666248717	-0.243633887424215	0.0783174125937586	-0.225923293074642	0.0446831317967821	-0.190145158952678	0.0145299676346061	-0.164639071639273
7.94328234724282	5.72960473868325E-4	-4.15337116997034E-4	0.0401370362273544	-0.0587040855066291	0.12878265964329	-0.169634220205661	0.198832911166668	-0.262267760520607	0.218366980435834	-0.262331453280828	0.208845716988817	-0.297878153764094	0.102988393523177	-0.254646956215379	0.0735045178641487	-0.242911463867397	0.0267085379620264	-0.219490077613966
6.30957344480193	-3.56998724540268E-4	-0.002228711885852	0.0479725826717019	-0.0646959776122598	0.156892318890449	-0.173539641499043	0.247050213128049	-0.263752664500992	0.287752065364508	-0.277096684586734	0.242890879875894	-0.281330927198897	0.176889023380311	-0.26479979301485	0.106381899402235	-0.286653367860551	0.0726099755087741	-0.276200480659085
5.01187233627272	-6.77200952793276E-4	-0.00173242313454236	0.0576264526519694	-0.0754216818496214	0.195726442958791	-0.21186642984389	0.313773487439302	-0.2692841615138	0.335775101192111	-0.254852941672942	0.289247938052705	-0.290714921732152	0.231211656574016	-0.333076076111637	0.183186345860039	-0.327003777722571	0.13467981733793	-0.323761604451559
3.98107170553497	4.78941143009395E-4	-0.00135871981091073	0.0832524685948326	-0.0688823551391325	0.256869202828004	-0.191481777972969	0.385182267093329	-0.268557955513286	0.451859407972877	-0.270707699024144	0.357555692328254	-0.298074524923965	0.292004182400949	-0.33048243312404	0.25891535974949	-0.374429865359116	0.203452522470651	-0.377000607960424
3.16227766016838	6.37847345630332E-4	-0.00278510774111154	0.0971228583391819	-0.0768694278974537	0.284067152950175	-0.157077918715007	0.423362590116089	-0.231103798257903	0.488488226877161	-0.262830980055817	0.411612245596001	-0.313707278267947	0.422520513587135	-0.355492929012977	0.365888993577253	-0.35336717202247	0.336857384337941	-0.392593772300196
2.51188643150958	0.00262490877210071	-0.00137872968102993	0.107926757619291	-0.0736688044464013	0.315555761244218	-0.167090254916725	0.432109368047121	-0.206623011148997	0.575540813488151	-0.216196357664748	0.498660474004203	-0.233088753966186	0.461551467806861	-0.36035620351283	0.422876665387699	-0.343909544463215	0.399803236019006	-0.397391239981734
1.99526231496888	0.00590385624306407	-0.00306237481531158	0.122732261974533	-0.075535411926072	0.356811622337088	-0.152923119694038	0.497606485478367	-0.149149626863521	0.517304593500579	-0.236954128573835	0.543641402312863	-0.278258701064356	0.501783935901494	-0.321455053333344	0.455933906591008	-0.337907681999433	0.461831144979319	-0.364982298992391
1.58489319246111	0.00388606813904901	-6.51554309019642E-4	0.135454915955684	-0.0661817809152749	0.372343084640288	-0.131568883683228	0.511599276359773	-0.153371415604996	0.575878384419291	-0.196337987385665	0.562329570403944	-0.237372599187412	0.588734959590621	-0.255625123491111	0.569491494484001	-0.254910387221773	0.52314684391451	-0.334761566952048
1.25892541179417	0.00462257198584694	-0.00133363190213084	0.151163976325326	-0.05467405338239	0.374450434539006	-0.0962285406056108	0.532401403706718	-0.10528794814324	0.56978241227026	-0.167484080921622	0.623162223853718	-0.182775519308069	0.57455627314406	-0.247352352832132	0.628280281963646	-0.308686352232158	0.575702106106994	-0.299600731764586
1	0.00372997478092459	-0.00309261790899503	0.153049168414156	-0.0510578994048996	0.401780653711353	-0.0873663466644982	0.545257775520958	-0.126683838012888	0.634737940157037	-0.133458036394419	0.639729659168329	-0.225908800050806	0.627190963841216	-0.268110797689782	0.689070039930252	-0.227972312698464	0.652696594025053	-0.271341991877332
0.794328234724281	0.00574038132980537	-8.63591154521167E-4	0.159979045735955	-0.0456950839195385	0.398220208067643	-0.0605949325380337	0.557365494131404	-0.115715963918966	0.623272678268324	-0.0955484033448756	0.61157473708551	-0.160542101616871	0.688278907271603	-0.183252358785197	0.719530591774377	-0.202074938134701	0.71693923279542	-0.225284057682856
0.630957344480193	0.00394476091496333	-0.00244837645378492	0.164899152257005	-0.0314189216666388	0.396233280804259	-0.0604874294829725	0.537267634550895	-0.0598806681212657	0.675992284566011	-0.101513545885365	0.671758369218041	-0.123976116484605	0.728644789951693	-0.132644663008053	0.7340947831846	-0.188834342866393	0.662742345531883	-0.170039783889088
0.501187233627272	0.00421749057110071	-0.00101482698948281	0.172355719017894	-0.0292686859839549	0.409445852345147	-0.072888598016877	0.56638842051851	-0.0393609634462737	0.634871218801217	-0.0875735755173317	0.705116870610237	-0.163890076611839	0.71228457091881	-0.120803961040796	0.758841924536567	-0.132876142714547	0.69382537095428	-0.119554595305696
0.398107170553497	0.00355384564307233	-0.00172020280539361	0.176059142159148	-0.0181465671343929	0.413568780610661	-0.0487919453986842	0.569400125394754	-0.0534122366003774	0.629989130180191	-0.0860100566905267	0.67662785401506	-0.0548523529416837	0.711818237287146	-0.138332993644638	0.766303125351162	-0.115240841593565	0.744644038446843	-0.119941573303634
0.316227766016838	0.00528740581336391	-0.00284893605148053	0.172280413965163	-0.0293205259000402	0.421350327230478	-0.0435192380779758	0.578269010028843	-0.0436320350978848	0.662222920632711	-0.0970906900389045	0.698428471512788	-0.0644467443250185	0.713238214202261	-0.100956011341705	0.751062883478387	-0.0767434687696324	0.748060477778079	-0.08674674300393
0.251188643150958	0.00593088174294232	4.007462087987E-4	0.171358789697263	-0.0136769778704999	0.403803027357979	-0.0352386706357118	0.584303275438581	-0.0267636684103421	0.605343985470839	-0.0848836719447	0.688598424219499	-0.104765870335502	0.737040425776568	-0.0801148706467916	0.773436159059183	-0.076361772256806	0.763697910176764	-0.0758951363049265
0.199526231496888	0.00447281915112758	-0.00237311885157829	0.174755742927189	-0.0155743456567655	0.406753522829247	-0.0106192057745933	0.598870831951135	-0.00937347804725168	0.650894816919612	-0.0200892034400121	0.72057566569009	-0.0658577238627585	0.747670020741935	-0.0702217577156363	0.735592777724987	-0.0773969349847629	0.797313201379494	-0.0491065462491373
0.158489319246111	0.00469208887397703	0.00138924382689655	0.16299658863971	-0.0321192902633821	0.43395103857623	-0.014339803220758	0.590453138247835	-0.0119523060353955	0.650992435328565	-0.0102696884134947	0.683847182659951	-0.100489290565033	0.765689773012417	-0.0599636868958631	0.783649874304579	-0.0732359738161166	0.719132157666412	-0.0117490274946632
0.125892541179417	0.00724234078590544	-3.72143031768005E-4	0.175466110111767	-0.00741603730976515	0.430701778464021	-0.00200286753544648	0.602120606253085	0.00244023179325328	0.660532241517838	-0.0310021914533553	0.726861949592161	-0.102682717381601	0.785219587785789	-0.0827485416681696	0.771207307793466	-0.0725364767005311	0.777902886798329	-0.0473328062004126
0.1	0.00589017615354705	-0.00208032973015094	0.174336817910971	-0.0074603125445064	0.420625666816081	-0.0116697633228968	0.585708852052319	-0.0318697705264186	0.676903459799688	-0.0405625136458767	0.710691608442231	-0.0525838224519649	0.72479382247014	-0.0430519531933998	0.773209817039389	-0.0480284777473919	0.760478881368112	-0.0343514311463185
