Frequency	Y'	Y''	Y'	Y''	Y'	Y''	Y'	Y''	Y'	Y''	Y'	Y''	Y'	Y''	Y'	Y''	Y'	Y''
Hz																		
		0.49 V		0.69 V		0.89 V		1.09 V		1.29 V		1.49 V		1.69 V		1.89 V		2.09 V
10000	-1.86357993034891E-4	2.0072066720895E-4	-1.86306167834685E-4	2.16739021643088E-4	-1.73845199901337E-4	1.99265502132094E-4	-1.82104721850823E-4	1.85208492230721E-4	-2.09427279250116E-4	1.89228539743585E-4	-1.89642648363582E-4	2.03127259698069E-4	-1.75468743776683E-4	1.94988422724738E-4	-1.48537559958797E-4	2.02402668620961E-4	-1.63244580539365E-4	1.54267124916346E-4
7943.28234724282	-1.2470207187224E-4	1.46734622272413E-4	-1.05144248938731E-4	1.47212273067097E-4	-1.09497285158253E-4	1.34587793345024E-4	-1.01176473275601E-4	1.46246484706373E-4	-1.56790639851379E-4	1.31528000991926E-4	-5.96819551506121E-5	1.01801345602051E-4	-8.70087338520641E-5	1.01295035078563E-4	-1.48642452735809E-4	1.30409017479205E-4	-1.67674203857839E-4	1.4269811155857E-4
6309.57344480194	-8.40373505160983E-5	1.22481299876751E-4	-7.4859063225978E-5	1.04446763924305E-4	-7.06714022856218E-5	9.80831707307444E-5	-1.08381824081587E-4	8.65650029352427E-5	-8.08124745457179E-5	9.0774899635149E-5	-8.42591956321814E-5	7.80199274743624E-5	-9.44543532263812E-5	8.99583811993274E-5	-2.59750838408339E-5	6.9966173875746E-5	-8.59004362760756E-5	7.48801258583291E-5
5011.87233627273	-6.2725445116388E-5	8.83347798995332E-5	-5.84869766654613E-5	8.61368639755752E-5	-5.55998925515956E-5	4.26264057493988E-5	-4.77379030869761E-5	3.89888493216658E-5	-4.67104845548866E-5	6.16531931145629E-5	-7.02319082416615E-5	5.27425655034671E-5	-6.64182822458206E-5	3.82510126251985E-5	-5.12204415095765E-5	1.33184372459547E-7	-7.08545425009156E-5	3.05448669607119E-5
3981.07170553498	-3.6973231620503E-5	8.09031515839322E-5	-3.17627634878821E-5	6.83322745741918E-5	-5.41937491895159E-5	4.99809108135201E-5	-2.89461377925137E-5	3.62012818352875E-5	-5.31317493294728E-5	5.59496113364845E-6	-3.97105458662234E-5	1.97124368535667E-5	-4.84319316787174E-5	4.40892973397822E-5	-7.25643960890842E-5	8.10234585550502E-6	-5.66062455818762E-5	-2.29510402177859E-5
3162.27766016838	-2.69782641433163E-5	5.56173889473851E-5	-3.31501675992401E-5	5.41837713013231E-5	-4.48491596732227E-5	1.85512942234071E-5	-2.60952349793019E-5	3.10701244351792E-5	-3.3597728699759E-5	5.68725293077476E-6	-3.93850628037513E-5	8.57026814873006E-6	-2.65336413739553E-5	8.12811911527058E-7	-4.65550574330227E-5	-4.23321324041464E-5	-3.21968474750565E-5	-4.24784056078795E-5
2511.88643150958	-1.03584446100704E-5	5.90643662409836E-5	-2.56375368125832E-5	4.52452176185033E-5	-2.47303259845049E-5	-8.21820260288813E-7	-2.78374712707111E-5	-2.04738079991251E-5	-2.64374859504459E-5	-1.30703542608581E-5	-5.18070725096484E-5	7.10611242473751E-6	-2.70209730467455E-5	-3.85083154007094E-5	-3.81886734720312E-5	-3.18232190977259E-5	-5.59811243163077E-5	-7.58056713546851E-5
1995.26231496888	-6.45628860290216E-6	2.00161843922881E-5	-4.29676409847335E-5	4.9947968078124E-5	-1.07711635186252E-5	-8.86621185801408E-6	-3.17159297845088E-5	-1.8049410353375E-5	-3.60868914045134E-5	-2.10201997991807E-5	-2.53812280008105E-5	-3.70167280696542E-5	-3.48610413447369E-5	-4.06488931857352E-5	-2.88879681692343E-5	-7.29894650876893E-5	-4.87271748087771E-5	-8.76078399110016E-5
1584.89319246111	-9.21203130492383E-6	1.84984245165536E-5	-4.67284794226719E-6	1.87826767953207E-5	-1.69293400710974E-5	-1.06395799511826E-5	-3.21695529226647E-5	-3.49295284339743E-5	-3.2527038274943E-5	-5.19373477564827E-5	-9.46671258023302E-6	-8.43074814201051E-5	-3.16413329002702E-5	-8.88756457212079E-5	-5.04095512380047E-5	-1.11010292930232E-4	-4.3010430600403E-5	-1.48427249861794E-4
1258.92541179417	-4.72200202266788E-5	1.72505007224269E-5	-6.070495540596E-6	2.19124036146436E-6	-3.32946375746962E-6	-2.5704782192549E-5	-3.89624375481522E-6	-5.35953933568009E-5	-1.38634154285727E-5	-1.08975072566221E-4	-3.28920337715883E-5	-1.22611412275656E-4	-2.1045544872486E-5	-1.40726887524529E-4	-3.06286623779131E-5	-1.42897889588262E-4	-6.8359048782131E-5	-1.93959420864923E-4
1000	-9.41530310899584E-6	3.3361592513513E-6	-3.54890858995947E-5	-4.52596079790861E-5	-1.96417235242661E-5	-5.16871201610988E-5	-5.44401125003261E-6	-6.7566627886258E-5	-4.48024216083513E-5	-1.29519000099247E-4	-6.37322811084926E-6	-1.44714372854618E-4	-1.57225528509317E-5	-2.00401207876351E-4	-3.45797824290182E-5	-2.18035727649411E-4	-2.78400496925185E-5	-2.44392722708519E-4
794.328234724282	-1.08286512957735E-5	-6.0265024257394E-7	7.9940883877624E-6	-5.04989251220007E-5	-6.08648215292733E-6	-4.58398562034815E-5	-1.1236060817178E-5	-1.42019265486521E-4	-1.53299851619932E-5	-1.79314909314562E-4	-2.31630193593358E-5	-2.04168102948108E-4	-1.67216617345406E-5	-2.54823035219334E-4	-6.08314613571124E-5	-2.84402669423139E-4	-1.0385195765197E-6	-3.55873728057901E-4
630.957344480194	-1.31341036958104E-5	-5.7590467085087E-6	2.24765045740385E-5	-3.05610236523403E-5	-5.86775118549977E-7	-9.68129836753876E-5	-1.56832295974469E-6	-1.60979868653901E-4	-3.32876931972093E-5	-2.05981029165865E-4	-1.8126511881996E-5	-2.76741181688762E-4	-1.49280766796294E-5	-3.1868741077537E-4	5.68056997580912E-6	-3.62244686393071E-4	-4.45415737567301E-6	-4.28076770184668E-4
501.187233627272	-3.54751707507419E-6	-3.69605659253024E-5	2.23671052652824E-5	-5.54603712661032E-5	2.10436515422071E-5	-1.18746654081604E-4	1.37489567775172E-5	-2.14441379176289E-4	-4.44700749383193E-6	-2.92163797941338E-4	-3.48096094472215E-5	-3.46902259055751E-4	2.81557699372989E-6	-4.25966045553894E-4	-7.66523657043406E-7	-4.41198215231985E-4	1.15600121767117E-5	-4.92836241106208E-4
398.107170553497	-2.84643141132217E-6	-2.46113648409191E-6	3.14788108292493E-5	-7.33854126653276E-5	6.05470388954661E-6	-1.37648533615562E-4	-1.23748704915925E-5	-2.38402579144333E-4	4.56638886022701E-6	-3.45357707795673E-4	-1.87217310683164E-6	-3.93784990935933E-4	1.81860445914094E-5	-4.89643854759385E-4	-2.01129702394705E-6	-6.05934331800789E-4	5.88418732841003E-5	-6.46819202128458E-4
316.227766016838	-8.58081974184161E-6	4.53405013062363E-6	2.28527987344481E-6	-6.96113274857664E-5	3.60086686571443E-5	-2.06670988830343E-4	-4.47347692827184E-6	-3.11593420861919E-4	-1.21585182060046E-5	-4.6217246179398E-4	2.60258824118597E-5	-5.020920164678E-4	-5.74803907168109E-6	-6.28637228604296E-4	4.3455065741343E-5	-7.06930852643787E-4	9.23063022438033E-5	-8.4537397364161E-4
251.188643150958	3.84919780263001E-5	9.67699127757115E-5	-2.74098369343617E-5	-1.38380982402719E-4	8.73814150248797E-5	-3.49607468752736E-4	4.38785077283382E-5	-4.69983412192632E-4	-2.4108345002861E-6	-6.20946314668187E-4	2.22297932979335E-5	-6.25023192503157E-4	1.05439100805434E-4	-8.78840606602155E-4	7.95289086503843E-5	-8.27817571463528E-4	1.43052975557564E-4	-0.00105295582443046
199.526231496888	-2.77768819214661E-5	-8.84028591637074E-6	2.89152324917066E-5	-9.51079971284947E-5	6.35206361651529E-5	-2.58851757933733E-4	7.3009205195096E-5	-5.08873505817904E-4	5.05487050800456E-5	-6.89847139679057E-4	5.96828292556E-5	-8.25268218130776E-4	8.01755742499926E-5	-9.38623009572161E-4	1.31431072271793E-4	-0.00114365704013461	2.53102262518344E-4	-0.00125087162855029
158.489319246111	1.63964325945855E-5	1.54830572867725E-5	4.37634095324908E-5	-8.21222034822752E-5	1.71777314243983E-5	-3.539820964958E-4	5.14861852802679E-5	-6.60906337920644E-4	3.95389744453194E-5	-8.74958355659145E-4	1.02798084000594E-4	-0.00103643249099346	1.38131095450219E-4	-0.00124438637448268	2.55289780459194E-4	-0.00143441896833847	4.07748214149486E-4	-0.0015282863444367
125.892541179417	-5.39437592934032E-5	1.86070044112167E-6	2.01216126996101E-5	-1.60079529120685E-4	3.65722829146217E-5	-4.39802651904912E-4	3.53979396356721E-5	-7.48797815840024E-4	7.42518298649066E-5	-0.00108761980004865	1.48048478053797E-4	-0.00129427175235235	2.3658532684997E-4	-0.00154153890454239	4.15501946081228E-4	-0.00176656838734888	6.16869482488727E-4	-0.00182381377187519
100	1.83903329862069E-5	-4.11609728319278E-6	6.60539594881063E-5	-1.52934554953694E-4	-2.24761887052113E-7	-6.45516927887476E-4	1.14608539300444E-4	-9.73263772391595E-4	1.8204570796507E-4	-0.00137948416192445	2.24205119384361E-4	-0.00164171313550838	3.55073906218134E-4	-0.00189075423475065	5.98882905166239E-4	-0.00216268687300231	9.00914610063817E-4	-0.00217301338413138
79.4328234724282	1.3335922572885E-5	-1.50631303324144E-5	2.72013033994284E-5	-2.01959951957938E-4	1.25361743031539E-4	-7.29326263065788E-4	1.45954742641655E-4	-0.00122008863733963	2.36096847756444E-4	-0.00165105521756437	3.78258898244006E-4	-0.00205344943800095	5.54664893868201E-4	-0.00229652448720734	8.67826315903132E-4	-0.00253413423827542	0.00126187318736459	-0.00243916960880312
63.0957344480194	1.49502275082377E-5	2.39646599512786E-5	4.54897158381778E-5	-2.77536746274361E-4	1.58330871727121E-4	-8.61712983214459E-4	2.562674368305E-4	-0.00147149940098213	3.86266623528533E-4	-0.00212848364299377	5.57813328970385E-4	-0.00250440441809373	8.00428213060664E-4	-0.00284539220616559	0.00118325941640768	-0.00297569102235446	0.00165635928786852	-0.00273012776309288
50.1187233627273	2.01630757226177E-5	-2.94006683808774E-6	6.26846172328757E-5	-3.06680981133137E-4	1.98586997159263E-4	-0.00109397365450759	3.42622782422516E-4	-0.00186914349803429	5.50283287922058E-4	-0.00260309454696376	8.35362451668498E-4	-0.00307065155560362	0.00122931479149297	-0.00341262430686419	0.00174830313078426	-0.00348935062678648	0.00213115068121026	-0.00300740031616183
39.8107170553497	8.91981495779075E-6	-7.54328473729887E-6	7.00444698138903E-5	-4.05393944632053E-4	2.56812256679171E-4	-0.00132858464526714	5.41513167965048E-4	-0.00232080624480586	8.7833510149552E-4	-0.00319632056055906	0.00119792187062624	-0.00369593939393217	0.00174307351179974	-0.00403958918290165	0.00236585968567287	-0.00395214699611252	0.00264284672770574	-0.00323288639761255
31.6227766016838	1.02818241482541E-6	3.80868510720035E-5	1.5233084654608E-4	-4.59665565165515E-4	4.66618731923937E-4	-0.00164876813668621	7.76653882956815E-4	-0.0028418724680025	0.00126223314227591	-0.00386898535978785	0.00181819129761259	-0.00441137847609305	0.00241864406180723	-0.00463386323258229	0.00311545449175589	-0.00431484904558301	0.00317524818341652	-0.003413489038983
25.1188643150958	-3.67898564860582E-5	-1.11618968330676E-5	1.30475125407684E-4	-5.64227992240304E-4	6.64336625819759E-4	-0.00195973936567884	0.00112415638465264	-0.00342723456600689	0.001821005660655	-0.00454774947104697	0.00247892659317868	-0.00514712117948467	0.00332599008487888	-0.00510713305743724	0.00385227633216639	-0.00460988748029504	0.00362990989685109	-0.0036155289972981
19.9526231496888	-4.7516937008494E-5	5.67064626223446E-6	1.95681871345914E-4	-5.60664778564182E-4	9.37577467075292E-4	-0.00243043934901928	0.00166990208673419	-0.00407814189421844	0.0025742893143914	-0.00533597957789483	0.00353052856512424	-0.0057987640529468	0.00430952004112557	-0.0056193845608398	0.00463297404098454	-0.00488811248259458	0.00411773769257885	-0.00379565021267683
15.8489319246111	2.00711925225363E-5	-7.1234814041182E-5	3.55874913981473E-4	-8.75215579120215E-4	0.00127556053739771	-0.00276747415991136	0.00239858775728885	-0.00480811241442327	0.00359643085092323	-0.00607386755813093	0.0045844980712333	-0.0063658966634607	0.00540074728544556	-0.00595200093172846	0.00542214715742647	-0.00503286989786465	0.00456691874213283	-0.00405707881000585
12.5892541179417	2.3812301235001E-5	7.07747082824194E-5	4.59626656617757E-4	-9.34901195802639E-4	0.00173020758480457	-0.0032708158007726	0.00325438451948518	-0.00537325749947082	0.00488642913794125	-0.00663926271082446	0.00586109721977775	-0.00677863878745654	0.00649136176031494	-0.00611027267040118	0.00618031191402437	-0.00517483371882089	0.00505004405894848	-0.00441895673913546
10	8.43182324209585E-5	3.40326344541161E-5	6.34564209127436E-4	-0.00114604558805778	0.00234669214092661	-0.00375901074548313	0.00444142636150121	-0.00593498177817245	0.00629048215428675	-0.00707239560682515	0.00729157109363068	-0.00703455356500071	0.00754275225676529	-0.00621466323957781	0.00690492048996178	-0.0053767545542575	0.00560528212401637	-0.00482137615476703
7.94328234724282	1.12121227168938E-4	-1.82470297468724E-5	8.25863646304405E-4	-0.00132884097784466	0.00308233367654365	-0.00403959336729779	0.00562648933620096	-0.00629448466883704	0.00791249948010724	-0.00732584735275454	0.00860661689759487	-0.00707881785173378	0.00856311432399855	-0.00616514373077469	0.00766517827753266	-0.00559929095321597	0.00625533591388959	-0.00535709255363066
6.30957344480193	9.24378169435978E-5	3.75700378158324E-5	0.00101405960587483	-0.00140456773106124	0.0041014703240307	-0.00433334595395931	0.00703807333977856	-0.0063917908227963	0.00932461270499726	-0.00712758304662026	0.00994103159122391	-0.00693884796534614	0.00950784324443115	-0.00620105945125096	0.0084547711266945	-0.00592589424766419	0.00704967864599179	-0.00598424156716596
5.01187233627272	5.73531617380347E-5	1.97783857136645E-5	0.00139033511435942	-0.00155201543047699	0.00502026909512865	-0.00432919223990119	0.00841328023238615	-0.00627713050898027	0.0107073989936303	-0.00676325265680905	0.011205581219335	-0.00661462927647257	0.0104863148908506	-0.0061995358248573	0.00937906279694075	-0.00621374837923312	0.0080375456254252	-0.00659869773322794
3.98107170553497	6.51607832273914E-5	2.91632845969477E-5	0.00165861397976017	-0.00143995536052368	0.00593841903621048	-0.00414072131126697	0.00965617680935512	-0.0058157032919507	0.0119709292125187	-0.0062527226698884	0.0122495432085931	-0.00626686730809923	0.0114581100602871	-0.00621022803743796	0.010407880897803	-0.00658707204949681	0.00923408700320943	-0.007152221829096
3.16227766016838	9.53017078331916E-5	-2.3022996047642E-5	0.00204071481679035	-0.00155081961064112	0.00676030997833343	-0.00385957099860452	0.010679442734447	-0.00531615789468635	0.0129140069435316	-0.00565993049159412	0.0132698662873215	-0.00590808909087714	0.012477683222798	-0.00622957618131591	0.0115878370408897	-0.00686825982089162	0.010656342115482	-0.00761173968677655
2.51188643150958	1.62678106548377E-5	-5.23492839858716E-5	0.0023321948226379	-0.00135481007633837	0.00740513911121574	-0.0034283009571225	0.0114978453902451	-0.00469999378590678	0.0137562755937893	-0.00498290422877482	0.0141929736745347	-0.00551624571699503	0.0134914813131019	-0.00616091668882305	0.0129409703332887	-0.00700066740831176	0.0121975362664299	-0.00779143221382679
1.99526231496888	6.92823458398632E-6	-3.95393526206861E-5	0.00255474344278341	-0.00127478086264563	0.00795863309659756	-0.00299019823160978	0.0121828103347476	-0.0040223068247552	0.0144160717146933	-0.0043873394056463	0.0149913630617569	-0.0050581276586487	0.0145899576353513	-0.00596780634520044	0.0142921156150201	-0.00694340648143502	0.0137912321285028	-0.00777081515161499
1.58489319246111	4.32917759944565E-5	-7.61181200998782E-5	0.0027813837317627	-0.00109765702488016	0.00837658034334856	-0.00260930430874216	0.0127245477638739	-0.00346262473936189	0.0149977514684739	-0.00384664227267191	0.015742070798569	-0.00464220927310908	0.0156403845630457	-0.0056968999884415	0.0156005880215022	-0.00669832177239534	0.0153199456887319	-0.00741918661405129
1.25892541179417	6.27014304836991E-5	-1.04086654494253E-5	0.00293357975972403	-0.00101083693664262	0.00868347240524091	-0.00223207622976698	0.0130724682069305	-0.00293789141453039	0.0153712499561085	-0.00335611437905805	0.0164160799014706	-0.0042327085729674	0.0166313516787182	-0.00528427772156985	0.0168197496196228	-0.00624754554158129	0.0167391070519822	-0.00686558037747053
1	2.56232760299956E-5	-2.38249767178639E-5	0.0030825026908834	-8.62982362299303E-4	0.008885229704987	-0.00182275378020487	0.0133620687396012	-0.00245655079277019	0.0157388313804592	-0.00290448501260339	0.0169443995725013	-0.00379066256771786	0.0174607668560633	-0.00482224192360823	0.0178457304596697	-0.00570878712746018	0.0178505727625688	-0.00618209817628401
0.794328234724281	6.80956155640697E-5	-1.38719121008356E-5	0.00316481904052108	-7.12903527290094E-4	0.00905982222543391	-0.00153743544871559	0.0135661199618786	-0.00209396655824916	0.0160253320376609	-0.00251773545577821	0.0174432612179072	-0.00332418734466593	0.0181825303003454	-0.00432397878273035	0.0187640414861132	-0.00507670267951067	0.0187887696969006	-0.00543304588248627
0.630957344480193	8.55453548736951E-5	-2.51426085870191E-5	0.00323878590433637	-6.26600034328917E-4	0.00919044996427285	-0.00128794054564353	0.0137056505936366	-0.00177579906560435	0.0162749529151177	-0.00218785830430366	0.0178540859225667	-0.0029385592937232	0.0188195656113503	-0.00381285829562709	0.0194781316247361	-0.00449194982258886	0.0195269050881414	-0.00467340765308954
0.501187233627272	7.2010899923244E-5	3.67820145461879E-6	0.00327564498182757	-5.41583358850624E-4	0.00928518315017595	-0.00111921140895698	0.0138558660455597	-0.00150259389551546	0.0164997686003996	-0.00188805458754965	0.0181551989837376	-0.00255053031571313	0.0192305688546348	-0.00330690012063938	0.0199933135281439	-0.00389497809565398	0.0200604310369586	-0.00404470307929723
0.398107170553497	8.18827505310664E-5	2.82155731710586E-6	0.00332776400911118	-4.57166454798035E-4	0.00933535213814091	-9.11663407486616E-4	0.013952784257289	-0.00127626078749741	0.0166499887124693	-0.00162623193601382	0.0184099666841291	-0.0022190628890524	0.0195831355285054	-0.00285523395270901	0.0204381251709905	-0.00336820692981178	0.020454169516229	-0.0034725864454478
0.316227766016838	8.12448169147232E-5	-9.44417057252718E-6	0.00338500394941127	-3.87894506350775E-4	0.0093918591310353	-7.70590136466466E-4	0.0140771966279741	-0.00109492993843999	0.0167946589431612	-0.00142069380015145	0.0186539563996379	-0.0019486047126689	0.0198257766052801	-0.00248888915599115	0.0207679493158924	-0.00293557204245273	0.0206933245485258	-0.00298586272171165
0.251188643150958	7.70926525188656E-5	-1.73418766808352E-5	0.00337966055259416	-3.2550609068499E-4	0.00941088560280906	-6.8455101897294E-4	0.0141081029475267	-9.69787385463164E-4	0.0169320984276058	-0.00123619679163792	0.0188031208883054	-0.00168672779372127	0.0200699996481232	-0.00220365563773964	0.0210110327810589	-0.00258898232273499	0.0209876259480987	-0.00267775044585027
0.199526231496888	7.80375735856612E-5	-6.33691459558827E-6	0.0034427799021242	-2.95861998645696E-4	0.00949262837734483	-5.72927702391664E-4	0.0142115632032275	-8.28529520030743E-4	0.0170548728508104	-0.0011139920817669	0.0189290847197207	-0.00149970689656778	0.0202938307255827	-0.00192347190660256	0.021261400686456	-0.0023448902370665	0.0211992904432917	-0.00231217738897745
0.158489319246111	7.82789579180303E-5	-7.75279092874859E-6	0.00342027529092126	-2.59432180292469E-4	0.00952085579332966	-5.26945433251713E-4	0.0142379689266849	-7.64573376235742E-4	0.0171069925689549	-9.92845899184608E-4	0.0190723247865787	-0.00138506222318479	0.0204263120511493	-0.00174436740138106	0.0214330129123797	-0.00213980652736029	0.0215076591630494	-0.0022291116800188
0.125892541179417	7.56979821951364E-5	-4.05030260390219E-6	0.00346466830429769	-2.12897779763139E-4	0.00951669939459348	-4.73858483452035E-4	0.0142713392579689	-6.68426639552641E-4	0.0171958968949519	-9.17253673968592E-4	0.019199828080614	-0.00127183222810293	0.0205926474620741	-0.00167826202944469	0.0216372645370631	-0.00200703343451585	0.0214566662783062	-0.00192806528994381
0.1	7.01375626906956E-5	-1.34395094950202E-5	0.00349655364256442	-2.22773823144109E-4	0.0095813178694243	-4.05070319709963E-4	0.0143376617769177	-6.39297753281119E-4	0.0172940929971697	-9.10917949263802E-4	0.0193048584456699	-0.00121816880117206	0.0207702102464971	-0.00161664263232749	0.0219239536929649	-0.00188956497881202	0.0217318393185231	-0.00150206149769395
