Frequency	Y'	Y''	Y'	Y''	Y'	Y''	Y'	Y''	Y'	Y''	Y'	Y''	Y'	Y''	Y'	Y''	Y'	Y''
Hz																		
		0.49 V		0.69 V		0.89 V		1.09 V		1.29 V		1.49 V		1.69 V		1.89 V		2.09 V
10000	-7.6435694691376E-4	6.25315345389754E-4	-5.44053567625547E-4	6.92487149401303E-4	-6.54537689522455E-4	5.53218886534696E-4	-0.00112050265521459	0.00107776506455726	-0.0010032739752378	0.00122128699905749	-9.08008143266652E-4	6.73307820551885E-4	-7.15748913060062E-4	4.68407896945972E-4	-5.51776854272386E-4	7.49018961041077E-4	-5.4912833905223E-4	7.01779595145307E-4
7943.28234724282	-4.36108306581428E-4	5.00547904560399E-4	-6.13024784663211E-4	4.2524924899893E-4	-4.68314231322805E-4	4.33505692501511E-4	-8.16447271909864E-4	6.3231810377104E-4	-9.31240686737478E-4	9.00178924945949E-4	-6.33996090514846E-4	3.48903822846689E-4	-7.25532138458376E-4	3.18688972969598E-4	-5.28419293501128E-4	4.1701144761005E-4	-7.28550335356364E-4	3.85226947561709E-4
6309.57344480194	-2.13802705161065E-4	2.71793945689882E-4	-2.78166907181045E-4	2.23006348092213E-4	-3.96038414649692E-4	3.21416889914063E-4	-3.58620540395857E-4	6.05807094076545E-4	-5.61871170209728E-4	4.65030952585626E-4	-3.86156931121317E-4	1.40465047312694E-4	-3.65119490395008E-4	2.39133776663305E-4	-5.6267901344931E-4	1.91245410721784E-4	-3.84262435217638E-4	1.66684729213524E-4
5011.87233627273	-1.70325943833499E-4	2.12931623777512E-4	-2.97205188910544E-4	1.6082639712098E-4	-2.73224955219725E-4	1.22222469749312E-4	-3.09307843795411E-4	3.68053140557016E-4	-2.91291074940667E-4	1.28358437291972E-4	-2.76978814828463E-4	1.27119221674768E-4	-1.10183715705942E-4	1.48239630070829E-4	-3.29594799906099E-4	9.29409220850762E-5	-2.00779670239223E-4	-7.32220536389293E-5
3981.07170553498	-9.4083417020188E-5	1.0733139311842E-4	-1.25794856285344E-4	1.21685154622855E-4	-2.80640255893117E-4	1.57657791732401E-5	-4.21349653277199E-4	1.41839380027576E-4	-1.83816735038346E-4	-8.78995578026143E-5	-1.98555453226674E-4	-1.17979064625996E-4	-1.82740075519653E-4	-4.16701840641226E-5	-3.38555187680214E-4	-2.43499170567744E-4	-3.57686632331449E-4	2.23488760039298E-7
3162.27766016838	-1.27109722967325E-4	8.11858812325695E-5	-1.69617967535502E-4	1.19217402410614E-4	-1.44553255463255E-4	1.99533017706168E-5	-2.42117522732729E-4	-3.03811236702101E-5	-2.56580861492008E-5	-2.83985734974741E-4	-2.04805477417135E-4	-1.64416768285336E-4	-1.76291465777915E-4	-2.31040815753111E-4	-1.61006448963768E-4	-3.06343480371445E-4	-2.76994924949659E-4	-5.33758788568279E-6
2511.88643150958	-1.22814986993071E-4	2.32335598625162E-5	-2.25593981018882E-4	5.73135735461756E-5	6.68039706215591E-6	-5.43692070273074E-5	-2.45626294935437E-4	-3.33929551462073E-6	-1.59483367377084E-4	-3.07724179373106E-4	-1.84466866691547E-4	-2.93165894842683E-4	-2.70782924400837E-4	-3.3845343890581E-4	-3.25120198882475E-4	-3.04350475840109E-4	-2.88001096251901E-4	-2.44766966168191E-4
1995.26231496888	-2.29953858912795E-5	-2.54333041977362E-5	-6.15419864799363E-5	-4.37896023895597E-5	-1.01252246376667E-4	-7.76101039833181E-5	-3.10692402332476E-4	-3.21879287380343E-4	-1.34099456995106E-4	-4.99684520617973E-4	-1.13543635927168E-4	-4.28956892341983E-4	-1.85156779740221E-4	-4.36521377730109E-4	-2.36930543905875E-4	-4.87150148412833E-4	-2.53611776382859E-4	-3.52762018015103E-4
1584.89319246111	-6.20675238716131E-5	-1.72247904458569E-5	-9.04154185059347E-5	-1.23712544579396E-4	-8.84383557346345E-5	-2.97447872955629E-4	-7.61280645801594E-5	-4.68846069987163E-4	-1.06921540057198E-4	-6.31716813824253E-4	-2.1765324637524E-4	-7.15556421889156E-4	-2.62426458453202E-4	-7.35888539144418E-4	-2.82950281658117E-4	-6.65845158924407E-4	-3.61489126247327E-4	-4.7581418129399E-4
1258.92541179417	-5.79132581507403E-5	-1.05338149320544E-4	-1.54179734636153E-4	-1.27513644845549E-4	-7.5171554651843E-5	-4.32665388842864E-4	-2.4494229712624E-4	-7.40128870104611E-4	-2.03817933448133E-4	-7.99581825455403E-4	-1.15613563046165E-4	-8.14030347187109E-4	-1.13366231744149E-4	-9.30269980968087E-4	-3.82219677580008E-4	-8.19334802433286E-4	-4.52414628385458E-4	-6.34078970999791E-4
1000	-2.64311731132201E-5	-5.64198314439794E-5	-1.03599166985498E-4	-2.00426817716205E-4	-2.24620892523973E-5	-3.9900775108605E-4	3.83786792206707E-5	-0.00102957196451503	-1.13359165679327E-4	-0.00119755343427348	-1.66388502300532E-4	-0.00106018168076693	-4.04411657951462E-5	-0.00114681337378676	-3.04709910324148E-4	-0.0011621628000804	-3.04605598282944E-4	-0.00103213191678945
794.328234724282	-4.42096305604434E-5	-2.80782861013411E-4	3.08585642205374E-5	-2.57792542233798E-4	7.36183971739927E-5	-7.58492629692937E-4	7.98443187843037E-5	-0.00102540819144307	-1.95177136100348E-4	-0.00140326904463811	-2.55276454135523E-4	-0.00154916431655358	-2.40055186527542E-4	-0.00154023451876839	-3.70013338135579E-4	-0.00145311921058204	-4.26536052207705E-4	-0.00133425829363896
630.957344480194	8.97501520585373E-5	-1.71465379176865E-4	1.02497888577704E-4	-3.33361040262906E-4	7.55674942545688E-5	-8.63980858756931E-4	1.1890023173393E-4	-0.00159678615616591	-2.46284136668286E-5	-0.00178383328706672	-2.06344003710428E-4	-0.00197050552516642	-1.26875990631932E-4	-0.00194110668260731	-2.34213159940058E-4	-0.00198143189059379	-3.15363135917565E-4	-0.00173358244688153
501.187233627272	8.67358346619319E-5	-2.70833352277954E-4	1.4089243305193E-4	-2.91531289031824E-4	1.44303534196324E-4	-0.00103212014686317	-4.00365676668574E-5	-0.00171673834369231	-1.1115937876264E-4	-0.00225538115608716	-1.11199798864257E-4	-0.00245251505822987	-3.04241211084837E-4	-0.002492317614198	-3.84059423656244E-4	-0.00242586192018577	-6.10524122262294E-4	-0.00223665146821073
398.107170553497	8.79645974757772E-5	-3.19638765780411E-4	6.41890000963789E-5	-3.00825350395391E-4	7.88853514428335E-5	-0.0011530965203661	3.3664977894357E-4	-0.00243817069262019	-1.78818819261096E-4	-0.00289907379768551	-1.61896222315941E-4	-0.00309878515629209	-3.38818818495124E-4	-0.00328673722191431	-1.69902781872633E-4	-0.00317050199154043	-4.81459444084212E-4	-0.0028473587683011
316.227766016838	1.6247690621047E-4	-3.83295178028648E-4	1.7209544164816E-4	-4.69715788027373E-4	5.56058547081134E-4	-0.00153543686067905	5.49647570200121E-4	-0.00256372834450565	1.76061326536885E-5	-0.00352379349549818	-9.14516512855113E-5	-0.0039014124605303	-4.315009801041E-5	-0.00403260478978049	-3.5418731036347E-4	-0.00407158522554117	-4.2665119413615E-4	-0.00368077396970867
251.188643150958	-3.9524056977293E-5	--	1.4190528675747E-5	-2.45439786928233E-4	7.81585218265968E-4	-0.00136735692060956	-2.55942372606727E-4	-0.00320758421043062	-2.81498712456443E-4	-0.00494121349642167	5.82291288736685E-4	-0.00508316814616919	2.13717784989308E-4	-0.00496439515996442	-1.20817052139064E-4	-0.00559657837628454	-0.00102138778381477	-0.00509942612028841
199.526231496888	2.31051124579051E-4	-2.45915628015316E-4	1.70282941934378E-4	-6.27749277047596E-4	7.70603151930663E-4	-0.00174000785355079	8.79957409485637E-4	-0.00465581344823657	9.00217530472222E-5	-0.00577968058946157	3.39856102291317E-4	-0.00660759161380444	1.96721274067118E-4	-0.00662723093514944	-1.21851320674257E-4	-0.00676567251514399	-1.79565631954473E-4	-0.00640447296872173
158.489319246111	-8.44538612783724E-6	-4.53920142943481E-4	3.25225900782054E-4	-5.73673826437825E-4	9.29132266452412E-4	-0.00211706401108696	0.00119730661665606	-0.00506479008582774	6.02446796699089E-4	-0.00726108507196265	5.15022275469098E-4	-0.00812093191273146	5.21605247167454E-4	-0.00835531415250822	2.74436142015232E-4	-0.00828790773212084	5.523503497076E-5	-0.00799677192691104
125.892541179417	1.51478389556659E-4	-2.68126260678532E-4	5.68532396243105E-4	-9.87462540599786E-4	0.00132230065371768	-0.00267489331095281	0.00137571419315535	-0.00620930252052996	9.77770103876754E-4	-0.00900315834173118	0.00127042545032162	-0.0101753134687306	0.00115337188866021	-0.0108879973225074	9.72218745079794E-4	-0.0105469445113972	7.45193539489578E-4	-0.0100649939361258
100	2.64097177715324E-4	-0.00103261284649359	4.63436123541693E-4	-0.00104186911915024	0.00177274520251041	-0.00297761054917382	0.00215504242737911	-0.00797689093927684	0.00182205872815519	-0.0113198241179255	0.00200639632318965	-0.0125261100276847	0.00204738634361297	-0.0131265384459106	0.00208666159758588	-0.0130482598994451	0.00155265568396878	-0.0127156204089344
79.4328234724282	2.70957149325736E-4	-8.06739361188872E-4	7.73635228357797E-4	-0.00123272284337649	0.00206667997419933	-0.00355065933906296	0.00308321405335463	-0.00938370693782564	0.00292988997340786	-0.014059955359196	0.00343428230457246	-0.015599093418464	0.00353831916547076	-0.016274402913186	0.00320462659722179	-0.0160517644318892	0.00315363132258476	-0.0154897042345598
63.0957344480194	3.53316547169808E-4	-8.7688009087E-4	5.59619230373675E-4	-0.00131388444956162	0.00275143237952278	-0.00377695929161887	0.00418076487990444	-0.011706084530136	0.00487813296152236	-0.0173653247952231	0.00547966882750985	-0.0189346453244604	0.00588022349410403	-0.0196957083351683	0.00571992316868981	-0.0194936301266946	0.00517738272111579	-0.0187128483859892
50.1187233627273	4.38541349327632E-4	-0.00125550818827646	8.80466654791292E-4	-0.00171691120204874	0.00344885264252758	-0.00402853599522944	0.00596657162124624	-0.01299820369925	0.00709555511212872	-0.0206462606033032	0.00814432542945876	-0.0226886620562365	0.00881228482060455	-0.0232791120853601	0.00887030694057716	-0.0230769080961517	0.00836542954654109	-0.0220949354580004
39.8107170553497	4.45920453058053E-4	-0.00137821398948675	0.00129615695799554	-0.00200682980469793	0.00441601527521757	-0.0044367988387897	0.00825324053599445	-0.0151750514045612	0.0104485868884231	-0.024692409641446	0.0122845672746033	-0.0265822856240622	0.0131777413492915	-0.0272023958650498	0.0130539605542179	-0.0270641248179706	0.0122146357105106	-0.0254617203174689
31.6227766016838	9.41511785543139E-4	-0.00181757467533301	0.00142138455690691	-0.00281976017344516	0.00527954131518591	-0.00429629551756578	0.0112785290629823	-0.016631402279261	0.0150318414257103	-0.0282193306736263	0.0170609845685043	-0.0304937578372486	0.0184152747143591	-0.0305234451766984	0.0183149144235217	-0.030154909423198	0.0174953062774689	-0.0287275677902153
25.1188643150958	8.59449477178162E-4	-0.00217724670664124	0.00168131318857975	-0.00261452831712766	0.00588908293144897	-0.00447305500661057	0.014488386039025	-0.0190436165258609	0.020897624969776	-0.0312660811425434	0.0234211550090189	-0.0331328806050665	0.0245708288535419	-0.0334504941303466	0.0239719243556117	-0.0327527679211672	0.0230258839648169	-0.0306700572433603
19.9526231496888	0.00115642014486219	-0.00255182289198497	0.00181989474044745	-0.00352417969431347	0.00732127096059477	-0.00463515392673178	0.0179328611921779	-0.0194492486693703	0.0273294456238291	-0.033925837662237	0.0304645556469225	-0.0354586750761931	0.0312622446361643	-0.0352433820110163	0.030969552448741	-0.0338423174731817	0.0288328507203597	-0.0324550678847394
15.8489319246111	0.00135915637073643	-0.00288223673917083	0.00277452640867668	-0.00410372168365535	0.00819110854241455	-0.00429734100158063	0.0224314010927507	-0.0203012131782185	0.034419461456355	-0.0351680367827995	0.0379729720204806	-0.0359390354637899	0.0386126162795276	-0.036498826476496	0.0377453661946916	-0.0341620325084356	0.0348452789815377	-0.0335843876858082
12.5892541179417	0.00175178043963971	-0.00326915553484662	0.00325282512401955	-0.00367072815989396	0.0092683199408111	-0.00394764548004342	0.0271566186662257	-0.0198502166930801	0.0414563156909247	-0.0348283371766663	0.0451657785038918	-0.0353929085803079	0.0462180786008797	-0.0349013889516091	0.0437731650096571	-0.0340086964545329	0.0413909020874761	-0.0334699622031897
10	0.00259827150850565	-0.00371568145515907	0.00391925253716479	-0.00414299882750194	0.00972573587668258	-0.00307205930751504	0.0314571038935384	-0.018358756722279	0.0490704356978539	-0.0332492990472742	0.0524252280912761	-0.034004369474227	0.0519079276630036	-0.0335481568025662	0.050175718295132	-0.0331161821282116	0.0465519293554843	-0.0328029032211312
7.94328234724282	0.00371829340042514	-0.00467353741784431	0.00412634374374399	-0.004498819524748	0.0102517283522956	-0.00264159082166621	0.0344783897561966	-0.0166655521473893	0.0551301753068448	-0.0314940862196352	0.0580019678602743	-0.0317636409303136	0.0585738537628273	-0.0316971218047172	0.0569561944297284	-0.0319101813990327	0.0525944361154189	-0.0325245558627077
6.30957344480193	0.00384717435035707	-0.00469586097724525	0.00534175779653755	-0.00481304888816827	0.0109635069660487	-0.00171672320982502	0.0366243455653553	-0.0149763818196981	0.0609031343707752	-0.0274291868952241	0.0636819389510553	-0.0287736664437283	0.0625925619201635	-0.0293828467836892	0.0617474806704832	-0.0305789164638624	0.057519142951112	-0.0308067307803287
5.01187233627272	0.00488808250080692	-0.00476282203386182	0.00641432475404253	-0.00446406318233125	0.0111288498913767	-8.29248227648374E-4	0.0395400578770584	-0.0124846876260844	0.0649074641844518	-0.0252240742002131	0.0679946571899526	-0.0264675170676258	0.0671921410958868	-0.0266520582156705	0.0658443885026333	-0.0282485860134291	0.0625194996559943	-0.0290823676047714
3.98107170553497	0.00606706466235374	-0.00586701246499966	0.0075253963054257	-0.00501255407353121	0.0110410130249985	7.02501891763946E-6	0.0408683519058024	-0.0101669836468618	0.068288115864732	-0.0216300830019955	0.0717618110683011	-0.0236032814653686	0.0715265784773918	-0.0243533705405104	0.0703120590882328	-0.0266568162241604	0.0672401968541474	-0.028363917352199
3.16227766016838	0.00750859138284863	-0.00556699311981774	0.00907772826731845	-0.00434001444104697	0.010970791345728	7.35487070723188E-4	0.0419331679573521	-0.00879570116487912	0.0712585378641266	-0.0192202193085415	0.0739273165036115	-0.0216623204983727	0.0746068418137386	-0.0223443153060525	0.0739293945416804	-0.0240801839634051	0.0725146948830507	-0.0260935461387625
2.51188643150958	0.00844798485764352	-0.00541995768855017	0.00952286060818423	-0.00442748769690989	0.0108100063618461	0.00154002676273425	0.042779480304332	-0.00712835669876911	0.0734495724593195	-0.0164127155670332	0.0769299863219532	-0.0189503703482057	0.0777353171060136	-0.0203399204242246	0.0767120474658747	-0.022098852591434	0.0757423676803115	-0.0238049401040827
1.99526231496888	0.00922190070690153	-0.00485758316391335	0.0107487004661979	-0.00355295968971015	0.00992982896928488	0.00227897151565055	0.0423360514586594	-0.00558244811725947	0.0744310717874555	-0.0135420890285013	0.0790235605557948	-0.0156814099006909	0.0803377823714342	-0.0180214158640838	0.0801715062394408	-0.0196937313073508	0.0791087267252518	-0.0220609299608175
1.58489319246111	0.0107170160287215	-0.00430274315510905	0.0114893501814697	-0.00215525852593135	0.00925150428512034	0.00259692032355348	0.0430353463557497	-0.00458555019769544	0.0761749000191657	-0.0116988285308689	0.0801527248213454	-0.0141609195854328	0.0824804217888454	-0.0169454368570751	0.082123668897602	-0.0183891758388643	0.0813338282590065	-0.0202623520045052
1.25892541179417	0.0114821534667453	-0.00437208053958539	0.012089102418957	-0.00122541516418912	0.00878246384509079	0.00284951415132512	0.0438315812207024	-0.00322269923965685	0.0764348414240457	-0.0110317416340591	0.0827943404985592	-0.0125230198935531	0.0838420942237404	-0.0153662984556934	0.0850291927137009	-0.0168913182121923	0.0839053097712916	-0.0183022299182109
1	0.0141275734993352	-0.00331742578221356	0.0120753849952469	-7.09836165842635E-4	0.00806086947252621	0.00319807979028357	0.042587624867845	-0.0022982125596316	0.0779824622542335	-0.00902098223299077	0.0839345682755387	-0.0117713342092602	0.0851003930695074	-0.0126762543257559	0.0870851057297025	-0.0147012790023001	0.0868599542151975	-0.0160486371849113
0.794328234724281	0.014694501684956	-0.00144145719995291	0.0121530921511626	8.77290229214034E-4	0.00725776016113754	0.00310689224330215	0.0422296478777062	-0.00129874758914135	0.0792132230856457	-0.00755108330047908	0.084312115735353	-0.00982337799194963	0.0881014223544404	-0.0114289564803167	0.0889024645034196	-0.0139744292810786	0.0882161551075671	-0.0143939941679857
0.630957344480193	0.0125880271376966	6.37777041702242E-5	0.0114618151552091	0.00182723418590671	0.00682743736900653	0.0030866414286458	0.0434763607509259	-0.00101266281397196	0.0786691007054443	-0.00590053451652718	0.0867819830640732	-0.00823524608846541	0.0881800863850854	-0.0100400260133534	0.088965369980339	-0.0132221244434301	0.0899628416327381	-0.0137339014192745
0.501187233627272	0.0136317192210308	0.0026164037249563	0.0112213491507006	0.00295042253586992	0.00612692604579845	0.00286025916692403	0.04252369625366	-0.00124401919799213	0.0790833554342056	-0.00502045964807224	0.0864297629153962	-0.00756435196113671	0.0913899021377638	-0.0091406801144056	0.0920447005012561	-0.012243514994266	0.0922929053829171	-0.012943757843082
0.398107170553497	0.0128576041451544	0.00382371206444966	0.0101057924187358	0.0037969262273758	0.00560822134950514	0.00274614657144144	0.0412596259108397	-4.90880551265638E-4	0.079247947510923	-0.00368342022108268	0.0881303326420186	-0.00601468340993658	0.0906483117285182	-0.00874878448519387	0.0915963218247682	-0.0104252106107213	0.0939107590984362	-0.010897736108557
0.316227766016838	0.0110680395426158	0.00399000701558357	0.00909207189901158	0.00440956002363436	0.00518341894688124	0.00275086750403448	0.0420886300145984	-1.94878183932181E-5	0.0804774674928434	-0.00380760436899053	0.0872796014706522	-0.00554942951627314	0.0922665008742367	-0.00796777062612216	0.0958392228727537	-0.00961988628394696	0.0954689445141526	-0.0096600737275747
0.251188643150958	0.0122831452285771	0.00294676954228579	0.00810578521216576	0.00430187961654298	0.00443677373305896	0.00248320614121929	0.0412522640926449	8.15295495181681E-4	0.0796762017733569	-0.00354606527634678	0.0895260936481303	-0.00555705151895923	0.0926620651297696	-0.0074968762304439	0.0953986555099676	-0.00808883351766002	0.0967525394999979	-0.00972743098102039
0.199526231496888	0.00980651174636549	--	0.00709000894405361	0.00483861793326138	0.00450192865255061	0.0021188991660367	0.0415011383770056	3.45245637891026E-4	0.0803625469174853	-0.00223444426081671	0.0897912433427563	-0.00476353688072343	0.0941216843453604	-0.00647409787928384	0.0962967175507065	-0.00820753950570052	0.097113971610663	-0.00779459005550666
0.158489319246111	0.0107505731233921	0.00476640509400774	0.00611152610954054	0.0045576257099193	0.00375791568494543	0.00187751712706508	0.0396143874587191	6.83837726125891E-4	0.0804442227456098	-0.00220674708911234	0.0892233471297114	-0.00359299594269979	0.0936143937909636	-0.00561927098156472	0.0963456417298101	-0.00785533038884766	0.0985800412477746	-0.00818662623931912
0.125892541179417	0.00621234619053997	0.00416092141579835	0.00466244937894072	0.00438470240809585	0.00366345034306274	0.00201297003538496	0.0404608584564183	0.0017093493340445	0.0807133337254709	-0.00123194397191318	0.0903129289996916	-0.00230586312407169	0.0948188286241988	-0.00577397139505023	0.098331126913129	-0.00633341142324818	0.0989920639914789	-0.00676684476251976
0.1	0.00466672533817467	--	0.00404009095633111	0.00442803776329433	0.00370710691285215	0.00155223437982135	0.0412806048548238	0.00107304502968782	0.0793488097543534	-8.90488311756028E-4	0.0894702110398428	-0.00271969658808763	0.0952812179804574	-0.00534511570545835	0.0980042404532035	-0.0055456384146468	0.0999752125903375	-0.00571469185471798
