1.000000000000000000e+04 -1.221603118033800107e-03 2.626103758552999785e-03
7.943282347242819924e+03 -2.265105906381799806e-03 1.182091735612500081e-03
6.309573444801940241e+03 -1.490786000613200050e-03 1.192507256077200012e-03
5.011872336272729626e+03 -5.920296816456780461e-04 1.889473151127329909e-04
3.981071705534980083e+03 -1.241487656114899927e-03 2.508105131914329993e-04
3.162277660168379953e+03 -3.801720201074280025e-04 -1.841869987606800099e-04
2.511886431509579779e+03 -7.838270957576950288e-04 -1.677987072729270014e-04
1.995262314968879991e+03 -7.896204330165750083e-05 -8.211467799403930059e-04
1.584893192461109948e+03 -3.778697032908290266e-04 -7.910249140219149933e-04
1.258925411794170031e+03 -1.298134336483200077e-03 -2.137105521157000188e-03
1.000000000000000000e+03 -9.788367534150099498e-05 -3.028783729713200191e-03
7.943282347242819696e+02 -3.303566049739480189e-04 -2.575970557392700047e-03
6.309573444801940241e+02 3.824534216085550263e-04 -2.605627775049300029e-03
5.011872336272720077e+02 1.180747549185239958e-04 -4.815802772536299792e-03
3.981071705534969851e+02 3.293883798209769819e-04 -6.743659402739199567e-03
3.162277660168380180e+02 2.655091287728239828e-04 -7.716086084538700297e-03
2.511886431509580007e+02 1.224616144064800006e-03 -1.272307905657749962e-02
1.995262314968879878e+02 2.348953603370500134e-04 -1.223821969625400047e-02
1.584893192461109948e+02 1.539642973268400038e-03 -1.592993558771550050e-02
1.258925411794169946e+02 3.230648739511499806e-03 -1.953607477144849933e-02
1.000000000000000000e+02 3.436383502327200121e-03 -2.246003989558800068e-02
7.943282347242819696e+01 7.523608874329099777e-03 -2.741620293122400132e-02
6.309573444801939957e+01 9.745601915068799817e-03 -3.279281302905189682e-02
5.011872336272730166e+01 1.310045836257459941e-02 -3.572164758354440250e-02
3.981071705534969851e+01 1.396606068588610028e-02 -4.052269472952999690e-02
3.162277660168379967e+01 1.455516641463789999e-02 -4.599357671460389818e-02
2.511886431509579864e+01 1.493249049075210007e-02 -5.685163897916230280e-02
1.995262314968880091e+01 1.390429984521429976e-02 -7.461002174132409792e-02
1.584893192461109912e+01 8.029287876047999303e-03 -1.002041531298499960e-01
1.258925411794169946e+01 8.860237998136099788e-03 -1.239875865380550002e-01
1.000000000000000000e+01 1.452996763460609984e-02 -1.646390716392729936e-01
7.943282347242820229e+00 2.670853796202640046e-02 -2.194900776139659948e-01
6.309573444801929831e+00 7.260997550877409945e-02 -2.762004806590849793e-01
5.011872336272720219e+00 1.346798173379299968e-01 -3.237616044515589930e-01
3.981071705534970029e+00 2.034525224706509872e-01 -3.770006079604240057e-01
3.162277660168379967e+00 3.368573843379409904e-01 -3.925937723001959867e-01
2.511886431509580131e+00 3.998032360190060253e-01 -3.973912399817339791e-01
1.995262314968879958e+00 4.618311449793189860e-01 -3.649822989923909855e-01
1.584893192461110045e+00 5.231468439145100513e-01 -3.347615669520480064e-01
1.258925411794169946e+00 5.757021061069940160e-01 -2.996007317645860146e-01
1.000000000000000000e+00 6.526965940250529785e-01 -2.713419918773319894e-01
7.943282347242810459e-01 7.169392327954200450e-01 -2.252840576828560037e-01
6.309573444801930275e-01 6.627423455318830481e-01 -1.700397838890879976e-01
5.011872336272720219e-01 6.938253709542799852e-01 -1.195545953056959959e-01
3.981071705534969807e-01 7.446440384468430151e-01 -1.199415733036340026e-01
3.162277660168379967e-01 7.480604777780790471e-01 -8.674674300392999637e-02
2.511886431509580131e-01 7.636979101767640277e-01 -7.589513630492650265e-02
1.995262314968880013e-01 7.973132013794940187e-01 -4.910654624913730198e-02
1.584893192461110101e-01 7.191321576664120307e-01 -1.174902749466319972e-02
1.258925411794170057e-01 7.779028867983289741e-01 -4.733280620041260128e-02
1.000000000000000056e-01 7.604788813681120363e-01 -3.435143114631850070e-02
