10000	-0.00845	0.01014	-0.009	0.00885	-0.00747	0.00714	-0.00809	0.00703	-0.00961	0.00824	-0.00721	0.00621	-0.01054	0.00603	-0.00859	0.00854	-1.75829E-4	1.13061E-4
7943.28235	-0.00565	0.00666	-0.00512	0.00531	-0.00542	0.00482	-0.00454	0.00536	-0.00487	0.00535	-0.00806	0.0046	-0.00564	0.00647	-0.00421	0.00409	-3.22955E-4	-4.54301E-5
6309.57344	-0.00358	0.00503	-0.00484	0.00466	-0.0056	0.0031	-0.00501	0.00232	-0.00414	0.00319	-0.00494	0.00231	-0.00402	0.00159	-0.00405	0.00213	-2.25301E-4	1.37306E-4
5011.87234	-0.0037	0.00438	-0.00309	0.00194	-0.00358	0.00142	-0.00421	4.94287E-4	-0.00419	0.00104	-0.00303	6.92999E-5	-0.0049	-0.00118	-0.00412	5.97819E-4	-2.43833E-4	-3.11103E-5
3981.07171	-0.0019	0.00266	-0.00239	8.49131E-4	-0.00285	1.30553E-4	-0.00362	-0.00193	-0.00332	-0.00172	-0.00357	-0.00107	-0.00392	-0.00259	-0.00255	-0.00155	-3.48161E-4	-1.45037E-4
3162.27766	-0.00195	0.00165	-0.00138	-9.1054E-4	-0.00288	-0.00253	-0.00457	-0.00203	-0.00325	-0.0037	-0.00464	-0.00426	-0.00218	-0.00445	-0.00231	-0.00355	-3.63113E-4	-7.19819E-4
2511.88643	-0.00116	0.00125	-0.00105	-0.00307	-0.00261	-0.00405	-0.00206	-0.00594	-0.00289	-0.00671	-0.00334	-0.00629	-0.0039	-0.00832	-0.00304	-0.0068	-6.04006E-4	-0.00128
1995.26231	-0.00117	1.93788E-4	-0.00143	-0.00319	-0.00194	-0.00719	-0.00341	-0.00735	-0.00376	-0.00905	-0.00429	-0.00947	-0.00267	-0.00763	-0.00323	-0.00885	-0.00187	-0.00827
1584.89319	-0.00108	-0.0013	1.62479E-4	-0.00408	-0.00121	-0.00915	-0.00271	-0.01104	-0.00345	-0.01304	-0.00183	-0.01388	-0.0023	-0.01222	-0.00174	-0.01294	-0.00223	-0.01215
1258.92541	-0.0011	-0.00102	0.001	-0.00629	-0.00114	-0.01113	-0.00354	-0.0143	-0.00274	-0.01757	-0.00405	-0.01803	-0.00227	-0.01631	-0.0034	-0.01624	-0.00175	-0.01636
1000	7.22311E-5	-0.00243	0.00201	-0.00729	-7.86691E-4	-0.01389	-0.00393	-0.01924	-0.0045	-0.02017	-0.00355	-0.02294	-0.00139	-0.02207	-0.00197	-0.02037	-0.00178	-0.02037
794.32823	1.4635E-5	-0.00258	0.00168	-0.00849	-1.449E-4	-0.01777	-0.00396	-0.02392	-0.00393	-0.02747	-0.00213	-0.02766	-0.00194	-0.02726	-6.65083E-4	-0.02564	0.00114	-0.02513
630.95734	-4.04975E-4	-0.0029	0.00407	-0.00954	6.93473E-4	-0.02375	-0.00374	-0.03156	-0.00459	-0.0352	-0.00452	-0.03718	-0.003	-0.03481	-6.28592E-4	-0.03373	0.00145	-0.03299
501.18723	-1.08242E-4	-0.00323	0.0052	-0.01135	0.0021	-0.02899	-0.0053	-0.04049	-0.00644	-0.04559	-0.00579	-0.04697	-0.00242	-0.04345	-2.21651E-4	-0.04219	0.00394	-0.04034
398.10717	0.00155	-0.00318	0.00474	-0.01287	0.00304	-0.03634	-0.00462	-0.05128	-0.00807	-0.06043	-0.00683	-0.05935	-0.00294	-0.0572	-4.56129E-4	-0.05324	0.00649	-0.05099
316.22777	8.59589E-4	-0.0035	0.00667	-0.01568	0.00724	-0.04495	-0.00313	-0.06861	-0.0067	-0.07597	-0.00699	-0.07791	-0.00191	-0.07035	0.00242	-0.06562	0.01277	-0.06116
251.18864	0.00779	-0.00642	0.00662	-0.01147	0.00892	-0.05853	-0.00424	-0.08557	-0.00917	-0.10174	-0.00493	-0.1038	-0.00289	-0.09743	0.00225	-0.08533	0.01665	-0.07183
199.52623	3.67122E-4	-0.0099	0.01142	-0.02281	0.01679	-0.06878	0.00504	-0.11088	-0.00232	-0.12669	-0.00516	-0.12973	-7.70512E-4	-0.11563	0.0077	-0.10301	0.02141	-0.0948
158.48932	0.00173	-0.00751	0.01463	-0.02706	0.02189	-0.08041	0.01277	-0.1392	0.00413	-0.16358	0.00141	-0.16553	0.00282	-0.14786	0.01297	-0.12827	0.03327	-0.11176
125.89254	0.00288	-0.01019	0.01658	-0.03047	0.03342	-0.09476	0.02424	-0.17224	0.01739	-0.20667	0.00914	-0.20964	0.0122	-0.1864	0.02097	-0.16064	0.05115	-0.13254
100	0.00633	-0.01134	0.01816	-0.03363	0.04171	-0.11391	0.04212	-0.21176	0.03447	-0.25681	0.02506	-0.26739	0.01972	-0.23718	0.03558	-0.19918	0.06877	-0.15649
79.43282	0.0099	-0.01376	0.02637	-0.03629	0.05945	-0.133	0.06597	-0.25369	0.06262	-0.31601	0.05239	-0.33201	0.04019	-0.29501	0.05177	-0.24466	0.09141	-0.17767
63.09573	0.00801	-0.01333	0.03286	-0.04406	0.07927	-0.15386	0.09621	-0.30237	0.10298	-0.38603	0.09095	-0.41082	0.07026	-0.36481	0.07901	-0.29654	0.11759	-0.2062
50.11872	0.01159	-0.01728	0.03721	-0.05047	0.10092	-0.1776	0.14194	-0.3583	0.1569	-0.46013	0.14813	-0.49225	0.1162	-0.44815	0.11672	-0.35679	0.14626	-0.22835
39.81072	0.01168	-0.02089	0.04499	-0.05623	0.12965	-0.20176	0.19834	-0.41367	0.23063	-0.53939	0.22688	-0.58345	0.18234	-0.5376	0.16641	-0.42129	0.17824	-0.25488
31.62278	0.01973	-0.01865	0.05932	-0.06093	0.16172	-0.22194	0.26852	-0.47434	0.3258	-0.6182	0.33242	-0.66998	0.27526	-0.63064	0.23247	-0.48791	0.2217	-0.2841
25.11886	0.02133	-0.02381	0.06629	-0.06905	0.20583	-0.2467	0.35654	-0.52863	0.44284	-0.68769	0.46149	-0.75066	0.3915	-0.72137	0.32171	-0.5583	0.26691	-0.30476
19.95262	0.02843	-0.02611	0.08035	-0.07606	0.25279	-0.26542	0.46036	-0.57721	0.58273	-0.75028	0.61322	-0.81793	0.53164	-0.7993	0.42274	-0.61965	0.3096	-0.33726
15.84893	0.03022	-0.02225	0.098	-0.07597	0.30955	-0.27808	0.57511	-0.60835	0.73542	-0.78629	0.7842	-0.85555	0.69203	-0.85653	0.54514	-0.66689	0.38255	-0.32576
12.58925	0.0383	-0.02639	0.11082	-0.07387	0.36532	-0.28648	0.70221	-0.62452	0.90083	-0.80045	0.96232	-0.86773	0.86975	-0.88641	0.67433	-0.6992	0.44716	-0.35817
10	0.04314	-0.02834	0.13094	-0.07116	0.4222	-0.2779	0.82297	-0.61727	1.0632	-0.78434	1.13506	-0.85094	1.05053	-0.88927	0.815	-0.71763	0.49524	-0.3799
7.94328	0.04544	-0.02605	0.14213	-0.06635	0.47811	-0.26302	0.93966	-0.59959	1.21146	-0.74606	1.29526	-0.81356	1.22444	-0.86725	0.95504	-0.72428	0.55523	-0.42035
6.30957	0.05206	-0.01998	0.16256	-0.05975	0.52967	-0.25086	1.04978	-0.56347	1.34603	-0.69058	1.44379	-0.75441	1.37018	-0.82072	1.08857	-0.71089	0.66731	-0.39031
5.01187	0.05634	-0.01942	0.16925	-0.0409	0.56719	-0.22168	1.14201	-0.5223	1.46111	-0.62574	1.57091	-0.68341	1.52177	-0.75694	1.21356	-0.67437	0.69371	-0.3893
3.98107	0.06064	-0.00887	0.17975	-0.03067	0.60537	-0.19767	1.22228	-0.47566	1.5513	-0.55917	1.66365	-0.61239	1.64549	-0.69422	1.33061	-0.6312	0.83255	-0.37609
3.16228	0.06128	-0.00623	0.18432	-0.01308	0.62791	-0.16857	1.29024	-0.43363	1.62673	-0.49312	1.75174	-0.54472	1.74551	-0.6275	1.43181	-0.58139	0.85225	-0.41245
2.51189	0.06148	0.00381	0.18194	0.00223	0.65161	-0.14458	1.34639	-0.38798	1.68874	-0.432	1.82069	-0.4795	1.83162	-0.55784	1.51857	-0.52957	0.92133	-0.39109
1.99526	0.06178	0.00814	0.18129	0.01336	0.66624	-0.12572	1.39678	-0.34741	1.73743	-0.37671	1.87702	-0.41659	1.90411	-0.49282	1.59546	-0.47425	1.02908	-0.34501
1.58489	0.05993	0.01916	0.17078	0.02906	0.68304	-0.10632	1.43842	-0.31118	1.77763	-0.3289	1.92278	-0.36182	1.9628	-0.43005	1.65728	-0.42605	1.00206	-0.27919
1.25893	0.05147	0.02444	0.16152	0.03749	0.6939	-0.0897	1.47404	-0.27819	1.81177	-0.28769	1.96121	-0.3142	2.01298	-0.37692	1.71152	-0.37498	1.02844	-0.29018
1	0.0505	0.02495	0.15207	0.04409	0.69514	-0.0798	1.50983	-0.25071	1.83796	-0.25429	1.99109	-0.2713	2.05123	-0.32735	1.75236	-0.32315	1.17636	-0.30443
0.79433	0.0399	0.02914	0.13889	0.04726	0.7061	-0.07111	1.54038	-0.22151	1.86571	-0.22401	2.0162	-0.23477	2.08597	-0.28498	1.78853	-0.28334	1.21869	-0.20548
0.63096	0.03722	0.01932	0.13047	0.04936	0.70981	-0.05378	1.56073	-0.20263	1.88805	-0.19404	2.03831	-0.20471	2.11205	-0.24634	1.82601	-0.2478	1.14414	-0.3056
0.50119	0.02729	0.0169	0.11984	0.04827	0.72289	-0.04638	1.58294	-0.17572	1.90903	-0.17251	2.05536	-0.17908	2.13459	-0.21562	1.84767	-0.21717	1.15037	-0.15347
0.39811	0.02448	0.01429	0.11033	0.047	0.72666	-0.03619	1.60127	-0.15914	1.9272	-0.15224	2.07201	-0.15838	2.15342	-0.18829	1.86992	-0.18936	1.13437	-0.19937
0.31623	0.03095	0.02212	0.10146	0.0462	0.72009	-0.03189	1.62428	-0.14718	1.93868	-0.1342	2.08673	-0.1391	2.17132	-0.16642	1.89157	-0.15629	1.33384	-0.32535
0.25119	0.00602	--	0.0923	0.03976	0.73698	-0.03909	1.64452	-0.11861	1.95841	-0.12357	2.09885	-0.12413	2.18437	-0.14943	1.89001	-0.13247	1.4018	0.00134
0.19953	0.02704	0.01424	0.08815	0.03933	0.72701	-0.01556	1.65067	-0.116	1.9671	-0.10316	2.114	-0.11096	2.19823	-0.1325	1.92325	-0.11495	1.29096	-0.31725
0.15849	-0.00128	--	0.08293	0.03262	0.7505	-0.02168	1.66111	-0.08726	1.98767	-0.0934	2.1237	-0.10107	2.21285	-0.12261	1.91412	-0.10461	1.252	0.09696
0.12589	0.0056	--	0.07647	0.03057	0.73165	-0.02806	1.68488	-0.07698	1.9916	-0.08629	2.13384	-0.0892	2.22333	-0.11231	1.92582	-0.06738	1.60601	-0.01294
0.1	0.02581	0.01774	0.07466	0.02923	0.72226	-0.00269	1.68652	-0.08084	1.99738	-0.06792	2.14687	-0.07963	2.23571	-0.1032	1.95795	-0.05872	1.45645	-0.31489