H'	-H''	Frequency (Hz)	H	-Phase (°)
0.010357886684877	-0.0101894696709381	10000	0.0145296630639434	-44.5303839655967
0.0122892890865382	-0.00566810389983516	7943.3	0.013533441102389	-24.7602425481405
0.0070507194624807	-0.0098992841059132	6309.6	0.0121535373759326	-54.5398050186512
0.00651287951690977	-0.0225678751908158	5011.9	0.0234888609819638	-73.9023505115545
0.00317719451682938	-0.0239237668273266	3981.1	0.0241338182682737	-82.4351043476013
0.00145256207347409	-0.0354051954180118	3162.3	0.0354349798809721	-87.6506547332575
0.00116008446799917	-0.0503266904484682	2511.9	0.0503400592716062	-88.6795043658684
-0.00369161127783932	-0.0574915546595216	1995.3	0.0576099544436153	-93.6739964103624
-0.00629536087890669	-0.0776253089339314	1584.9	0.0778801653547548	-94.6365024268935
-0.00528943976255353	-0.0914143792295404	1258.9	0.0915672807444008	-93.3115690672843
-0.0190287745585214	-0.110067686502554	1000	0.111700447059193	-99.8084835138696
-0.0204577973592406	-0.130372735698065	794.33	0.131968070707233	-98.9180032296348
-0.0367521545374798	-0.164930792172461	630.96	0.168975995543102	-102.562195021852
-0.0581870144885336	-0.194649386517818	501.19	0.203160311889039	-106.643111112842
-0.0652865262799668	-0.242038686193642	398.11	0.250689162366563	-105.095471282271
-0.0876801996862031	-0.284498752396928	316.23	0.297703472489692	-107.128872101544
-0.107616991821845	-0.361656835675345	251.19	0.377328880049601	-106.571246751482
-0.159024319596187	-0.395655339688889	199.53	0.426417497351317	-111.896495904636
-0.230856441287486	-0.475262556413825	158.49	0.528364641145608	-115.907934868364
-0.270172253565794	-0.55166286009013	125.89	0.61426782253317	-116.092914203012
-0.358422010747008	-0.607947416570383	100	0.705738194447864	-120.521937943731
-0.448869335547853	-0.69955998528523	79.433	0.831184608500086	-122.686066976081
-0.569432125111321	-0.783526602307799	63.096	0.968590151525814	-126.007978943925
-0.699483163969985	-0.862802788788028	50.119	1.11072289479323	-129.032040384717
-0.86320867268303	-0.933804705819193	39.811	1.271660505483	-132.75028061697
-1.03210588872016	-0.977642281147203	31.623	1.42162829017206	-136.552319505889
-1.212027551201	-1.03887061877445	25.119	1.59632795735184	-139.398981667954
-1.42508706370746	-1.07563295090407	19.953	1.78545775201121	-142.955077946107
-1.63308969120068	-1.07631611973858	15.849	1.95587277937882	-146.61242687675
-1.86959741573334	-1.01242138822884	12.589	2.12612124872031	-151.563640079369
-2.11300124075209	-0.945390935023788	10	2.31485167201811	-155.895485671714
-2.26740178496269	-0.840184654697979	7.9433	2.41806143603548	-159.667837101564
-2.44352793975936	-0.679942718699287	6.3096	2.53636568599577	-164.450097693303
-2.54990056089536	-0.524127113469138	5.0119	2.60320996109187	-168.384741929664
-2.647681425054	-0.311677026053314	3.9811	2.66596314624666	-173.286212481572
-2.66607198803581	-0.127799241254431	3.1623	2.66913328469269	-177.255604328636
-2.63155571097858	0.0548605923086166	2.5119	2.63212749398133	178.805715895168
-2.56590832133181	0.19860285175706	1.9953	2.57358283453357	175.574096344108
-2.46936698949056	0.324599844825437	1.5849	2.4906100433521	172.511369441457
-2.36390902941455	0.406885833717856	1.2589	2.39867087801306	170.233709965055
-2.23399975618457	0.460016682801115	1	2.28087050467318	168.364507001064
-2.10603317814666	0.490116333831165	0.79433	2.16231120982679	166.899301606407
-2.01343220350728	0.510983259824634	0.63096	2.07726096818411	165.759714439389
-1.90145509175575	0.494346354214886	0.50119	1.96466531090907	165.426686136415
-1.80442779169249	0.479095214538108	0.39811	1.86694720868736	165.130425720935
-1.72177019927777	0.476622884975388	0.31623	1.78652231824941	164.526771223786
-1.61403284622711	0.436725833884692	0.25119	1.6720740063413	164.859428489508
-1.56764200612527	0.40896121015679	0.19953	1.6201082466247	165.378745428201
-1.47541079367906	0.357481805554687	0.15849	1.5181008699712	166.380103996067
-1.41151692010898	0.360831664062007	0.12589	1.45690751440978	165.660347653809
-1.38894515014283	0.324971332424068	0.1	1.42645539607895	166.83139418164
