H'	-H''	Frequency (Hz)	H	-Phase (°)
0.0169860267327504	0.00424534720562584	10000	0.0175085144161926	14.0325624221875
0.0090100335395815	-0.000162105725303896	7943.3	0.00901149169952233	-1.03073666412946
0.0013174601683806	-0.00802094835750344	6309.6	0.00812842628366688	-80.672317925799
0.000621339859427752	-0.00645512341593314	5011.9	0.00648495809823333	-84.5019157097333
-0.000573213611212983	-0.0197738615994181	3981.1	0.0197821681419662	-91.6604508722308
0.00257473919551591	-0.0181743402638205	3162.3	0.0183558144997723	-81.9366271485882
-0.00280762983820158	-0.0220558412829546	2511.9	0.0222338237828594	-97.2545309818096
-0.00419895697670901	-0.0249592829244776	1995.3	0.0253100186447259	-99.5495784013864
-0.00457358159751662	-0.0333638638961933	1584.9	0.0336758825083004	-97.8055638888911
-0.0127810181976265	-0.0464171638308355	1258.9	0.048144652083764	-105.394953001024
-0.01488513695941	-0.0507412932672481	1000	0.0528795437265988	-106.349236486039
-0.0157865383932827	-0.0584538267031549	794.33	0.060548035894528	-105.113234147209
-0.0251669253730306	-0.0727667049348383	630.96	0.0769958926164604	-109.078338397176
-0.0328826771052627	-0.077405743742195	501.19	0.0841006517090761	-113.01623499527
-0.0425399190515425	-0.100570429169545	398.11	0.109197325682721	-112.927698843617
-0.046479305049116	-0.116242687507276	316.23	0.125190607462234	-111.793858421663
-0.0479670460413367	-0.156489614876969	251.19	0.163676012507251	-107.041299192122
-0.0826488890364236	-0.15042462123025	199.53	0.171634511480702	-118.78603265806
-0.104616131041153	-0.184815833325629	158.49	0.212370965816579	-119.512295706727
-0.121293918447437	-0.219328444774615	125.89	0.25063355988292	-118.943651767166
-0.151396823278804	-0.248143906115419	100	0.290682638355185	-121.388077754026
-0.188621564262769	-0.275073509671236	79.433	0.333531902863557	-124.438950923043
-0.218183453048794	-0.307343009542615	63.096	0.376913444571837	-125.371022999321
-0.262591746725623	-0.351470913503849	50.119	0.438732524994038	-126.76422745959
-0.321952489608259	-0.390003558736007	39.811	0.505723423811579	-129.540070763485
-0.378787307273766	-0.418515887627532	31.623	0.564477964448898	-132.147385245802
-0.459203136170201	-0.468117652702723	25.119	0.655745115910485	-134.449221405502
-0.549143696073586	-0.493215905432566	19.953	0.738119724915291	-138.071259312211
-0.616347960407227	-0.519401669340875	15.849	0.806016688668563	-139.878875845681
-0.735538089884702	-0.55342789574745	12.589	0.920488303816342	-143.041747888488
-0.854275375182134	-0.56315431222859	10	1.02319558053396	-146.606381771438
-0.959082615837426	-0.527556717093461	7.9433	1.09460292058444	-151.186395751395
-1.0747402703192	-0.506162583098797	6.3096	1.18796768018959	-154.781313388145
-1.19981780523206	-0.442985946860488	5.0119	1.27898370391017	-159.735298696392
-1.29643547010755	-0.355052017402633	3.9811	1.34417516091269	-164.684071984136
-1.39220189028644	-0.242370843614292	3.1623	1.41314179371762	-170.124255617304
-1.42561399572217	-0.116716458027751	2.5119	1.43038386329456	-175.31957543661
-1.45812827852614	0.0548186921872697	1.9953	1.45915837579433	177.846965027133
-1.41241920417014	0.161678749598006	1.5849	1.42164272107312	173.469810908307
-1.33467427022889	0.288644608182012	1.2589	1.36552961060666	167.796808652461
-1.22814748283481	0.385923266365519	1	1.28735504314689	162.555611430707
-1.11272745044464	0.437151742230643	0.79433	1.19551830797705	158.551870452736
-0.995292778679362	0.47823374875663	0.63096	1.10422607908938	154.335922573714
-0.880981000575915	0.484086018421881	0.50119	1.00521977527668	151.211856902809
-0.771212058307504	0.468146991230993	0.39811	0.9021804942901	148.741094397044
-0.675434060823677	0.444864758293403	0.31623	0.808774272397565	146.629686561882
-0.584580419789085	0.41921816471288	0.25119	0.719359532380032	144.354686590774
-0.514480865109609	0.371651319904056	0.19953	0.63467729134605	144.156360104259
-0.451682948199949	0.338392038637342	0.15849	0.564381659436	143.160166156951
-0.406914315467292	0.297624137756753	0.12589	0.504142229442908	143.817619601411
-0.367245883339441	0.258769719357391	0.1	0.449256392816027	144.830613318824
